600565.SH,600565,迪马股份,10002631,通用,2023-03-31 00:00:00,一季报,2023一季报,058001001,2023-04-28 00:00:00,2023-04-28 00:00:00,CNY,,9575001100.07,1276967971.97,,13825056.67,,,,,,,,,0,,,,,,,2287847637.76,115908693.72,,303900632.51,15668887961.76,,23942000.0,0,,0,,120467317.84,,1425725482.23,315121814.12,,,15477756.23,,,5386290.6,7023794.64,0,,,,,,307395750.15,,,,,,,214144109.9,,,,,150784062.75,504007295.66,,,,40217608688.79,4562951790.8,52848759.35,,0,,,,,,3950216484.99,3952611101.51,1117964285.72,99602952.45,,,7594976904.28,2601410044.52,3209077.09,0,,8020055449.77,0,,10319271789.4,1284042597.97,744270689.33,7074626.0,,482732643.62,,2104797403.52,3954619675.08,,,,53134307.45,,,,,0,,,,,506729035.54,,,,1068308412.34,,,,,,,,2491506284,,,1741591070.74,,996198.59,268817627.08,,389613793.74,1333327239.76,68847009161.82,57870878754.93,50218267115.59,12562999732.15,68847009161.82,56284009429.67,10976130406.89,6065742314.08,8897871245.33,10287418423.47,4968022827.87,,183474.72,,,,-684673729.84,,56847016.22,,4.5037888733,32.4389567633,,-16.4818981273,,,,,,,,,,,,,,,,-2.5263149868,-62.2344082699,,8.0339249066,-37.7309932091,,-13.7908685006,,,,,,-47.7999590155,-20.0776090723,-6.2083673164,,,51.2492147203,,,62.2290578299,172.2501270396,,,,,,,,-8.0400184449,,,,,,110.233090239,,,,,58.3509221167,100.5074299361,,,,-22.6346217336,-1.7299988858,1.7566396525,,,,,,,,-31.1414784575,-50.711478207,-1.945244956,-5.9310243659,,,-13.6569420785,-40.7396230868,-77.7250386602,,,41.2280127706,,,-2.5730048164,28.9412201165,-47.9331099729,-77.6416591268,,-1.2919498217,,-21.1986856951,-5.3739455369,,,,32.8608549466,,,,,,,,,,,,,,-30.2576898191,,,,,,,,-2.2281640943,,,-20.1963888081,,-83.1631449151,29.4791137942,,2.9320342351,82.8830361143,-19.7951787073,-20.2796654236,-13.7914260889,-27.6408072833,-19.7951787073,-17.8059593095,-17.1401594629,-40.6769825109,-6.3722401112,-4.0600325784,-42.0010772751,13.100828456,,,,,-123.8040226417,,-6.1789850413,,,0
600565.SH,600565,迪马股份,10002631,通用,2022-12-31 00:00:00,年报,2022年报,058001001,2023-04-28 00:00:00,2023-04-28 00:00:00,CNY,,9245706602.68,1198183743.64,,7944684.18,,,,,,,,,0,,,,,,,2288216537.76,115677324.44,,311368262.52,16652247458.65,,21582000.0,0,,0,,135170694.51,,1419825495.91,316056850.22,,,13686983.79,,,5386290.6,7023794.64,0,,,,,,321148430.81,,,,,,,214038670.63,,,,,156657851.0,436730197.77,,,,41813190867.81,4562951790.8,46262825.41,,0,,,,,,3867518663.32,4153588766.2,1125357142.86,107334054.03,,,7373101215.29,2996818908.66,6429397.09,0,,8212748598.04,0,,10100768454.39,1220024329.67,855061851.71,21840586.03,,480527340.43,,1973070694.36,4081707732.39,,,,55076180.82,,,,,0,,,,,393155624.36,,,,1004516449.08,,,,,,,,2491506284,,,1783896912.17,,2310102.59,314201231.99,,389613793.74,1160819808.23,70370785333.85,59450705737.71,51760339486.02,12440853944.27,70370785333.85,57929931389.58,10920079596.14,6169591903.56,9446004605.98,10125089874.4,5067752728.98,,196954.12,,,,-584421329.54,,64582150.59,,-10.9802001427,22.1710633682,,-14.692227877,,,,,,,,,,,,,,,,-2.507241369,-61.4885991926,,4.810874979,-28.7299239528,,-27.6184726834,,,,,,-46.7219668412,-18.8854235181,-5.5856052481,,,33.7154134738,,,-82.4494506175,172.2501270396,,,,,,,,-5.5748808497,,,,,,110.1295766585,,,,,62.8594360321,60.9951354635,,,,-18.43189253,-1.7299988858,-8.7591650629,,,,,,,,-32.9652066502,-58.4259954348,-1.4388489201,3.6798899527,,,-16.1133386129,-39.5504353425,-98.1173681723,,,93.09415716,,,-13.6870677701,8.8623151097,-35.0441252728,-84.3952726309,,-3.6980149168,,-22.0738583791,5.9487707011,,,,37.6287462704,,,,,,,,,,,,,,-38.1237213814,,,,,,,,-2.2856817595,,,-20.4198904283,,67.1562322624,6.5011514075,,2.9320342351,74.1468343958,-18.0528209028,-18.1358358208,-7.9780850028,-28.5308085074,-18.0528209028,-15.388822706,-17.5979043091,-49.5049468974,-4.2185513199,-3.4303653966,-41.1952824184,5.8504544676,,,,,-119.9884097031,,-3.5554207791,带强调事项段的无保留意见,,0
600565.SH,600565,迪马股份,10002631,通用,2022-09-30 00:00:00,三季报,2022三季报,058001001,2022-10-29 00:00:00,2022-10-29 00:00:00,CNY,,10026638223.07,1120641922.09,,7530792.17,,,,,,,,,0,,,,447505167.81,,,2289510846.59,320419944.51,,309610920.84,17563847302.0,,19730166.1,0,,0,,185367604.92,,1348956335.72,341239605.28,,,10904790.16,,,4082277.08,1579905.0,0,,,,,7650000.0,323143232.62,,,,,,,210864432.35,,,,,142969206.15,262668372.34,,,,46378543382.58,4659425361.88,52330164.55,,0,,,,,,5166687132.32,7223998812.94,1131928571.43,103285720.59,,,10034251388.74,3074608003.03,4399633.9,0,,4954888018.45,0,,11334868060.86,1135195131.51,1308229837.79,14553209.42,,483838272.96,,2043208234.32,3783914169.13,,,,76554211.49,,,,,0,,,,,28587798.17,,,,1743654814.64,,,,,,,,2491506284,,,1995536193.02,,2045198.3,270625501.6,,378515587.14,842663947.79,77453330123.59,65005094114.39,49241313255.17,18801059143.32,77453330123.59,58652270980.27,12448236009.2,9410957725.1,8487439270.15,10308063596.07,8766807754.58,,160397.5,,,,3121391565.59,,65295475.31,,10.9539697386,48.5891688854,,-45.7020751906,,,,,,,,,,,,,-7.2907334763,,,-5.5334016957,-16.9923109423,,-27.8191588,-34.3585499095,,-94.591519214,,,,,,21.0426692103,-18.4178885568,-11.8583950219,,,-27.8496972228,,,-22.4992571815,,,,,,,,,-34.9431242761,,,,,,101.9479277426,,,,,45.5095724486,57.3628081295,,,,-18.7696937482,17.7455738989,54.7873931974,,,,,,,,-23.4040307761,-37.8711026305,-1.3600572641,0.868067206,,,11.7012470904,-39.9532964685,,,,49.1990804493,,,7.7915413496,45.7789778113,-11.533776225,-40.6514688517,,-1.9368910325,,-29.0040823524,-11.9067182403,,,,-28.7412575847,,,,,,,,,,,,,,24.7658629819,,,,,,,,-2.3737441943,,,-41.798472548,,-57.6357261259,95.473981382,,7.5376482243,70.2083400037,-16.5365242681,-17.399940095,-16.4772676346,-5.6253148111,-16.5365242681,-19.519207312,-11.7175618469,-32.4011413724,-15.0439384386,-6.2903923601,-19.854415911,,,,,,-39.9444030425,,13.5339432737,,,0
600565.SH,600565,迪马股份,10002631,通用,2022-06-30 00:00:00,中报,2022中报,058001001,2022-08-23 00:00:00,2022-08-23 00:00:00,CNY,,10034525394.84,1053562223.73,,12756551.93,,,,,,,,,0,,,,447107572.88,,,2360818639.8,313661877.39,,371248037.26,23831935681.31,,26407566.1,0,,0,,215587368.15,,1383152434.73,341782963.7,,,10909553.64,,,4082277.08,1579905.0,0,,,,,6750000.0,327651564.09,,,,,,,210864432.35,,,,,146459165.7,235083793.16,,,,51679605243.83,4654474642.41,55134833.75,,0,,,,,,5177845838.95,7593290378.17,1138500000.0,106670034.16,,,9751712694.79,4332311144.96,12562136.4,0,,5290846519.73,0,,11542861911.59,1072744013.56,1508336516.75,19181789.83,,489689993.01,,2204257933.38,4106798285.0,,,,48881072.88,,,,,0,,,,,,,,,1751998393.39,,,,,,,,2548286284,,,2159458693.33,,1788073.36,226211301.99,,378515587.14,628054857.75,85528785827.3,73045065157.57,57171438069.7,18565944640.95,85528785827.3,66962841186.35,12483720669.73,9791403116.65,9372514267.07,11613440373.15,8814231946.16,,147881.64,,,79492000.0,3114625368.85,,76742487.33,,8.6617631553,24.4291543674,,-9.9322751009,,,,,,,,,,,,,-7.1942036992,,,-1.7435410758,-10.0641289186,,13.2507418195,-12.731824291,,-92.4553782929,,,,,,115.5815151334,-16.511603106,-12.0061962151,,,-25.4933688991,,,-22.4992571815,,,,,,,,,-34.4254500805,,,,,,101.9479277426,,,,,45.6722177508,69.5037915406,,,,-8.9784689703,17.6204672044,57.9655003264,,,,,,,,-9.5266285261,-34.6331200972,-0.6451612892,9.2248078328,,,4.5780526585,-27.8042491549,,,,79.5476415153,,,7.4787583958,23.6197292236,0.2199938868,-8.9219150819,,-1.1993163562,,-22.6773586482,-17.6991716356,,,,-76.0582470175,,,,,,,,,,,,,,-34.7261607904,,,,,,,,-0.3675196625,,,-20.3345915986,,-62.1263338135,124.544269436,,7.5376482243,5.53476692,-8.3185720752,-8.8697101951,-3.6250362808,-7.6772608344,-8.3185720752,-8.494805831,-4.9552161824,-29.3417070528,-5.4802060071,9.0871019221,-18.2733152381,,,,,-54.6159379746,-39.4916210344,,17.326192332,,,0
600565.SH,600565,迪马股份,10002631,通用,2022-03-31 00:00:00,一季报,2022一季报,058001001,2022-04-29 00:00:00,2022-04-29 00:00:00,CNY,,9162348277.8,964193620.35,,16553365.51,,,,,,,,,0,,,,446764975.38,,,2347143885.5,306916132.94,,281301112.38,25163221270.55,,27772000.0,0,,0,,230780121.18,,1783887425.89,335980732.08,,,10233280.39,,,3320176.22,2579905.0,0,,,,,1300000.0,334271217.71,,,,,,,101860325.44,,,,,95221461.76,251365894.93,,,,51983987657.0,4643280491.57,51936423.54,,0,,,,,,5736714057.32,8019333828.08,1140142857.14,105882892.61,,,8796279732.4,4389796656.76,14406656.16,0,,5678799334.8,0,,10591799295.41,995835619.37,1429451017.61,31641999.02,,489050936.32,,2671018144.92,4179208038.97,,,,39992447.34,,,,,0,,,,,,,,,1531793841.6,,,,,,,,2548286284,,,2182346193.02,,5916773.56,207614664.02,,378515587.14,729060096.6,85838990789.06,72592368135.98,58252056422.37,17361995429.29,85838990789.06,68476995359.77,13246622653.08,10224938937.4,9503454163.49,10722766225.53,8565715696.89,,162222.26,,,79492000.0,2876294230.37,,60590920.11,,10.4385226567,13.687515974,,88.2088445841,,,,,,,,,,,,,1179.2487512744,,,-2.1973276077,-3.295065821,,29.9245854894,5.5963388918,,-92.1520205429,,,,,,188.1621603984,19.023871046,-11.1137993674,,,65.9320372543,,,-36.9675016429,,,,,,,,,26.7704072901,,,,,,3.0321524457,,,,,-6.6423725874,133.6796936267,,,,0.8542471189,17.33758646,31.2334730661,,,,,,,,37.9918444764,-33.2338118272,-0.5017921138,0.3157952262,,,24.0134660498,-35.001212774,,,,59.9546826755,,,9.3748650737,11.5529721654,3.0153953548,-29.0432934588,,-3.0623384223,,6.8331471623,-1.3257889616,,,,9.2014008455,,,,,,,,,,,,,,13.1098944893,,,,,,,,-0.497845348,,,-3.4011596051,,63.0866174432,96.1942106337,,7.5376482243,-9.4969023641,0.1449485645,-2.8611223383,7.6938025697,-3.1936253515,0.1449485645,1.0283441324,20.5965217068,-25.3083789087,-1.1281203559,-6.5107623303,-20.9933168694,,,,,-65.0226077896,-45.1925819269,,-17.3466353205,,,0
600565.SH,600565,迪马股份,10002631,通用,2021-12-31 00:00:00,年报,2021年报,058001001,2022-04-28 00:00:00,2023-04-28 00:00:00,CNY,,10386123780.89,980742665.74,,9312966.43,,,,,,,,,0,,,,446426142.69,,,2347063074.11,300371635.45,,297076293.45,23364991848.21,,29817000.0,0,,0,,253708116.64,,1750395006.04,334754939.7,,,10235905.82,,,30690153.81,2579905.0,0,,,,,2281500.0,340109108.36,,,,,,,101860325.44,,,,,96192062.81,271269188.67,,,,51261690585.62,4643280491.57,50704079.42,,0,,,,,,5769419834.17,9990831553.6,1141785714.28,103524467.55,,,8789360660.41,4957552507.85,341511122.65,0,,4253235167.15,0,,11702497173.29,1120704008.95,1316373392.4,139961343.21,,498979683.56,,2531975346.55,3852529581.4,,,,40017933.98,,,,,0,,,,,,,,,1623427380.42,,,,,,,,2549786284,,,2241636662.44,,1382002.07,295021441.4,,378515587.14,666575314.02,85873346842.6,72621160105.62,56247839971.18,17407296325.09,85873346842.6,68466050517.51,13252186736.98,12218210546.33,9862039816.84,10484755291.85,8617935664.68,,186068.28,,,81592000,2923801033.8,,66962965.79,,15.5062748833,12.6228760836,,12.3305705763,,,,,,,,,,,,,-24.8586157737,,,-1.2234845517,-5.555523433,,33.3079753329,4.0920600411,,-90.6743515411,,,,,,226.8865112085,21.622393795,-11.5003130942,,,68.8809231664,,,482.6428904451,,,,,,,,,25.2710373347,,,,,,3.0321524457,,,,,-5.5227699992,158.0998799046,,,,6.69562521,17.33758646,,,,,,,,,38.2061451635,14.8409145905,-0.4297994262,19.7428537438,,,16.9823874125,-29.4676525729,,,,85.5397757842,,,19.5196045907,22.9186111355,64.6594863271,241.997658917,,-1.0943030534,,32.5051784784,-1.6411236699,,,,13.6146116152,,,,,,,,,,,,,,44.9855731936,,,,,,,,-0.4859036646,,,-24.6175397981,,26.7978727863,-27.951490387,,7.5376482243,-31.8556327144,5.0724593344,2.4672912391,7.3386230564,-4.821422102,5.0724593344,7.9248229041,22.081325627,10.7081715107,2.882934305,-9.8768691881,-20.0242464468,,,,,-64.3419349369,-43.8654378812,,,标准无保留意见,,0
600565.SH,600565,迪马股份,10002631,通用,2021-09-30 00:00:00,三季报,2021三季报,058001001,2021-10-30 00:00:00,2021-10-30 00:00:00,CNY,,9036754833.28,754188162.23,,13869392.24,,,,,,,,,0,,,,482697344.71,,,2423619446.12,386012366.02,,428937811.88,26757250605.81,,364800521.27,0,,0,,153142363.87,,1653495247.74,387149298.41,,,15113990.85,,,5267403.81,,0,,,,,,496708809.06,,,,,,,104415249.37,,,,,98254158.64,166918966.09,,,,57095123141.39,3957197886.59,33807769.14,,0,,,,,,6745377315.11,11627437663.96,1147535714.27,102396847.14,,,8983114916.0,5120361022.68,,0,,3320990989.71,0,,10515545022.31,778709762.24,1478790189.03,24521600.01,,493394792.45,,2877923551.13,4295349308.76,11751373.16,,,107431325.47,,90000000.0,,,0,,,,,,,,,1397541581.46,,,,,,,,2552086284,,,3428666360.46,,4827648.66,138445791.96,,351984252.39,495077942.58,92799071024.02,78698604079.94,58955582343.45,19921718526.21,92799071024.02,72877352497.81,14100466944.08,13921770154.36,9990386929.62,11000007209.16,10938603610.21,,,,,84812000,5197503186.59,,57511853.66,,30.2107911765,3.9306463907,,-94.1625379705,,,,,,,,,,,,,-13.5981373264,,,-2.5389921433,12995.5720675402,,,-17.3863048428,,8.6621775387,,,,,,158.2288640177,-5.1450555064,66.1600137063,,,,,,0.0,,,,,,,,,121.6694269223,,,,,,151.6400749909,,,,,31.9911720356,169.0661475961,,,,5.6844679661,11.1692181168,,,,,,,,,91.926379855,45.9919512475,-1.0745073905,75.281263019,,,43.5706357868,-35.3298496379,,,,-6.7765092654,,,33.7271049426,7.2389027434,60.15678638,5008.66666875,,0.5952951814,,28.4898703083,98.7574325453,-76.49725368,,,-28.5737387823,,,,,,,,,,,,,,72.4090311966,,,,,,,,-0.4932280983,,,-23.2867872079,,355.4328599194,14.7431065496,,7.6811388967,-44.5688813276,5.8030028977,0.9546291549,-5.0408894684,27.3062095077,5.8030028977,1.1333741913,44.5479806699,39.5609422411,-3.8373327993,-10.1019089645,16.4705734645,,,,,-63.4262038321,38.4627819547,,,,,0
600565.SH,600565,迪马股份,10002631,通用,2021-06-30 00:00:00,中报,2021中报,058001001,2021-08-28 00:00:00,2021-08-28 00:00:00,CNY,,9234642530.6,846716534.47,,14163288.73,,,,,,,,,0,,,,481766862.31,,,2402710891.12,348761705.0,,327810689.18,27308850549.11,,350018425.38,0,,0,,100002714.99,,1656700195.7,388417080.52,,,14642392.87,,,5267403.81,,0,,,,,,499662696.11,,,,,,,104415249.37,,,,,100540218.28,138689401.0,,,,56777341206.16,3957197886.59,34903085.57,,0,,,,,,5723060558.7,11616418573.85,1145892857.13,97660995.04,,,9324817633.23,6000784110.21,,0,,2946764699.93,0,,10739668083.14,867777352.61,1505025552.54,21060818.14,,495634215.22,,2850727671.54,4989984143.07,12330377.89,,,204166641.08,,90000000.0,,,0,,,,,,,,,2684074377.43,,,,,,,,2557686284,,,2710660419.2,,4721152.03,100742407.08,,351984252.39,595116544.13,93289107470.52,80154540618.66,59321877657.23,20109828638.92,93289107470.52,73179278831.6,13134566851.86,13857401174.37,9915927522.84,10646025211.53,10785011005.69,,,,,175154000,5147428210.93,,65409509.85,,63.6513122462,18.3181643943,,-92.3712194784,,,,,,,,,,,,,-13.7646918215,,,-0.7547524763,12941.2135595336,,,-0.838783266,,9.6732923692,,,,,,91.5253747292,12.5771393597,66.2997539428,,,,,,-96.3961035222,,,,,,,,,123.5898588498,,,,,,560.8344591938,,,,,41.4092222298,64.439027073,,,,22.0998898142,13.4194342049,,,,,,,,,76.3305582881,87.0163938345,-1.216133006,89.5884884187,,,56.329166,9.3389185311,,,,18.7973659956,,,54.1814738163,21.2611532714,13.7821958468,,,1.051877614,,43.3559442837,202.1921706831,-75.33924422,,,288.9316519707,,,,,,,,,,,,,,247.2083672184,,,,,,,,4.9963540614,,,-19.993730359,,325.755676434,-21.5967442034,,7.6811388967,-45.7566629465,23.4503273992,20.3961227004,13.8199324533,32.0132785347,23.4503273992,21.2883791899,46.0621582341,68.6659030836,14.205697821,-4.1716443675,16.3641845561,,,,,323.8143631436,41.6372553965,,,,,0
600565.SH,600565,迪马股份,10002631,通用,2021-03-31 00:00:00,一季报,2021一季报,058001001,2021-04-30 00:00:00,2021-04-30 00:00:00,CNY,,8296333613.84,848108617.81,,8795211.27,,,,,,,,,0,,,,34924011.06,,,2399877046.39,317373808.84,,216511071.65,23829634184.89,,353874524.67,0,,0,,80086893.04,,1498764416.09,377989755.09,,,6167151.66,,,5267403.81,,0,,,,,,263682372.61,,,,,,,98862658.91,,,,,101996445.71,107568565.77,,,,51543677278.87,3957197886.59,39575591.75,,0,,,,,,4157284859.18,12011070344.96,1145892857.13,105549572.1,,,7093003697.57,6753659328.28,,0,,3550255134.65,0,,9683942730.6,892702005.19,1387609116.76,44593387.38,,504500447.36,,2500177347.45,4235359973.99,13565740.48,,,36622650.47,,,,,0,,,,,,,,,1354252736.7,,,,,,,,2561036284,,,2259184669.4,,3627994.53,105820994.08,,351984252.39,805563694.11,85714748491.57,74730499140.43,54090444419.64,17934764618.9,85714748491.57,67779983872.67,10984249351.14,13689539453.03,9611887826.65,11469519372.29,10841760921.33,,,,,227266800,5248001696.66,,73307263.83,,45.1713960445,43.672928282,,-90.3104177792,,,,,,,,,,,,,-93.7486716248,,,0.372643461,10118.5688140937,,,-15.6171364285,,23.0028661201,,,,,,88.7389721204,2.623436239,61.860550527,,,,,,383.2480559633,,,,,,,,,77.131637965,,,,,,1083.495247633,,,,,47.1262067801,201.7285024996,,,,7.5491930255,14.1964278304,,,,,,,,,53.51682007,86.4899576105,,219.4843936125,,,32.2598608007,40.3734892111,,,,-15.8194451015,,,33.693825699,50.5219723202,-9.2187197373,1512.3163141669,,2.8595603317,,29.0200591976,144.8372344803,-72.86851904,,,-29.0177050268,,,,,,,,,,,,,,61.1035553817,,,,,,,,5.1338759257,,,-35.8160645764,,234.9175625671,21.8570478467,,7.6811388967,-28.4172734254,15.2723852763,13.1033963976,2.9235010905,23.4395442219,15.2723852763,13.2890378064,32.5685441295,88.1665417189,52.5544146733,15.1056208903,18.2790158031,,,,,162.1663898117,45.4719799437,,,,,0
600565.SH,600565,迪马股份,10002631,通用,2020-12-31 00:00:00,年报,2020年报,058001001,2021-03-12 00:00:00,2022-04-28 00:00:00,CNY,,8991826453.92,870820120.96,,8290678.47,,,,,,,,,0,,,,594114877.29,,,2376134715.28,318040447.01,,222849602.74,22446468865.14,,319731117.16,0,,0,,77613516.6,,1439204534.15,378255507.34,,,6061019.58,,,5267403.81,,0,,,,,,271498596.64,,,,,,,98862658.91,,,,,101815075.24,105102407.94,,,,48044791419.25,3957197886.59,,,0,,,,,,4174503114.42,8699714373.77,1146714285.7,86455654.19,,,7513405098.68,7028764373.64,,0,,2292357608.59,0,,9791278354.18,911744770.46,799451900.26,40924649.5,,504500447.36,,1910850108.37,3916809265.36,46619394.73,,,35222524.12,,140000000.0,,,0,,,,,,,,,1119716496.38,,,,,,,,2562236284,,,2973684669.4,,1089925.28,409476119.61,,351984252.39,978181089.02,81727740443.7,70872528420.96,52402237302.41,18289090580.59,81727740443.7,63438649863.11,10855212022.74,11036412560.7,9585690652.64,11633811650.12,10775685481.91,,,,,228817800,5208557657.6,,,,52.4783969813,31.7210430305,,-99.9687139476,,,,,,,,,,,,,6.3453789472,,,-0.6203576343,12957.0698830937,,,,,10.35060232,,,,,,80.0074126574,1.3983146212,57.3220393683,,,,,,383.2480559633,,,,,,,,,79.9996603405,,,,,,1083.495247633,,,,,44.2454152765,51.3196941685,,,,12.1221357579,14.4304155221,,,,,,,,,57.9704911766,31.3640516928,,187.1622514862,,,27.0399512587,11.5700508585,,,,-47.5889988685,,,42.8302918834,37.4058724965,-16.555855491,1582.7569695724,,2.8595603317,,12.7830517321,105.1367028489,-6.76121054,,,-10.5286878353,,,,,,,,,,,,,,47.725393342,,,,,,,,5.183137489,,,48.0697440323,,3.3617989114,14.7495520118,,7.6811388967,-22.4622260849,12.7096564313,10.1356543428,4.8105856907,21.5234343702,12.7096564313,10.4012397737,33.0045662616,47.8457576952,42.3808601584,-3.7267353937,17.9521662785,,,,,163.9555647841,45.6133258043,,,标准无保留意见,,0
600565.SH,600565,迪马股份,10002631,通用,2020-09-30 00:00:00,三季报,2020三季报,058001001,2020-10-29 00:00:00,2020-10-29 00:00:00,CNY,,6940096709.06,725664843.26,,237592847.2,,,,,,,,,0,,,,558665438.19,,,2486758037.31,2947655.62,,,32388395840.31,,335719870.09,0,,0,,59304897.79,,1743182979.62,232997873.42,,,,,,5267403.81,,0,,,,,,224076371.72,,,,,,,41493887.4,,,,,74439947.1,62036405.39,,,,54024138305.47,3559616550.0,,,0,,,,,,3514564970.28,7964437467,1160000000.0,58418592.71,,,6256930511.43,7917657518.98,,0,,3562397163.57,0,,7863435783.51,726144843.26,923339074.45,480000.0,,490475018.3,,2239805787.2,2161101224.62,50000000,,,150408720.32,,,,,0,,,,,,,,,810596505.16,,,,,,,,2564736284,,,4469460000,,1060013.25,120657175.95,,326876420.51,893140810.5,87709297923.93,77954428379.07,62085230172.64,15648662074.89,87709297923.93,72060635849.04,9754869544.86,9975405676.4,10389049326.98,12236085419.0,9391731563.46,,,,,231892800,3753718590.09,,,,17.6507157174,28.8471630562,,-99.2927564266,,,,,,,,,,,,,0.0618710041,,,5.7019560839,21.0152538253,,,,,1339.1900805504,,,,,,17.0352597006,41.6240087142,33.8530683969,,,,,,,,,,,,,,,49.3894533386,,,,,,54.0681112722,,,,,37.8326503856,-24.4450344371,,,,9.5692069165,31.4106438975,,,,,,,,,43.9642653751,8.5875026222,,273.0807895615,,,14.1774529515,49.6577475075,,,,4.6778668186,,,23.7199434923,28.5216312074,102.0716790338,-73.3333333333,,15.6031808219,,-4.8586044131,68.1253661866,0.0,,,329.7392009143,,,,,,,,,,,,,,7.5391181897,,,,,,,,5.1993943022,,,57.8477838601,,14.1118142069,78.0795225099,,40.1450727126,49.7255931584,14.3582780223,11.8683373826,13.2369545605,14.6163126368,14.3582780223,14.3023967873,39.099885189,21.412273067,55.2159254381,7.1961109577,14.910565678,,,,,159.7714746606,33.4269901623,,,,,0
600565.SH,600565,迪马股份,10002631,通用,2020-06-30 00:00:00,中报,2020中报,058001001,2020-08-19 00:00:00,2020-08-19 00:00:00,CNY,,5642877166.0,715626834.48,,185655999.54,,,,,,,,,0,,,,558665438.19,,,2420983322.7,2674304.07,,,27539850204.11,,319146455.64,0,,0,,52213820.3,,1471613335.64,233564434.89,,,,,,146158577.04,,0,,,,,,223472879.62,,,,,,,15800515.23,,,,,71098770.43,84340927.74,,,,46500730911.85,3488994557.53,,,0,,,,,,3245643077.56,6211444000,1160000000.0,51512091.19,,,5964861114.42,5488241689.99,,0,,2480496663.57,0,,6965602168.22,715626834.48,1322725002.22,,,490475018.3,,1988566072.92,1651261888.02,50000000,,,52494221.04,,,,,0,,,,,,,,,773044267.03,,,,,,,,2435976284,,,3388060000,,1108887.63,128492632.17,,326876420.51,1097123769.4,75568132896.76,66575682688.81,52119058919.29,15233186284.09,75568132896.76,60334946612.67,8992450207.95,8215887693.38,8682515594.26,11109472912.54,9268325169.67,,,,,41328000,3634233236.53,,,,28.6706333161,40.0049002832,,-99.3923889907,,,,,,,,,,,,,0.0618710041,,,3.2200579078,7.2016326115,,,,,1396.4432674075,,,,,,60.1924464438,21.1362230546,34.5153884797,,,,,,,,,,,,,,,48.9268228389,,,,,,-12.9380006762,,,,,31.8794161181,37.1368856063,,,,-4.3009236445,28.8034862518,,,,,,,,,76.0091557037,-3.9068219918,939.2298623623,328.3444727479,,,11.6618153844,-18.1702379215,,,,-51.1357354063,,,44.4782701249,39.5598544579,203.592932596,,,15.6031808219,,-4.906348788,32.9743115491,0.0,,,49.9834886857,,,,,,,,,,,,,,7.0613745554,,,,,,,,-0.0820352525,,,-0.8382357245,,51.1718532728,95.8587160022,,40.1450727126,106.1892406738,1.9617236419,-1.7135448222,-2.3308644563,14.4260415245,1.9617236419,-0.7673793371,40.9952098333,10.4486429537,13.4361572506,21.909269474,16.2785819161,,,,,-61.9601634697,37.7776212239,,,,,0
600565.SH,600565,迪马股份,10002631,通用,2020-03-31 00:00:00,一季报,2020一季报,058001001,2020-04-30 00:00:00,2020-04-30 00:00:00,CNY,,5714854192.97,590305096.41,,90769767.67,,,,,,,,,0,,,,558665438.19,,,2390967263.23,3105853.81,,,28239897505.61,,287696161.75,0,,0,,42432621.17,,1460450430.25,233528030.06,,,,,,1090000.0,,0,,,,,,148862380.34,,,,,,,8353447.9,,,,,69325817.57,35650780.38,,,,47925675524.72,3465255404.02,,,0,,,,,,2708032160.44,6440599000,,33037473.57,,,5362929958.21,4811207134.79,,0,,4217429000.0,0,,7243373192.42,593070892.86,1528518999.45,2765796.45,,490475018.3,,1937820648.2,1729867592.64,50000000,,,51594063.68,,,,,0,,,,,,,,,840610086.78,,,,,,,,2435976284,,,3519860000,,1083250.01,86840273.87,,326876420.51,1125360450.29,74358440910.29,66072727716.96,52554026870.97,14529188949.9,74358440910.29,59829251960.39,8285713193.33,7275225089.42,6300629088.47,9964343429.61,9166258991.69,,,,,86688000,3607568755.64,,,,,23.7941314691,,-99.6676624505,,,,,,,,,,,,,81.1966262941,,,2.8474191205,79.3354055189,,,,,1744.4426320682,,,,,,66.7192372939,22.1538177138,34.4761447691,,,,,,,,,,,,,,,-1.8099074581,,,,,,-46.4697767384,,,,,28.8151609277,-23.7003232387,,,,17.5007833095,27.9271060562,,,,,,,,,74.2344192163,4.1258251972,,236.2771988621,,,30.6733668501,-23.9717488107,,,,12.6611056469,,,115.5100502581,23.7848789073,,21.841253304,,15.6031808219,,4.371236652,82.2917534473,0.0,,,47.4116105143,,,,,,,,,,,,,,-12.7764829002,,,,,,,,2.8369078352,,,163.4231402485,,63.505629801,135.3103938726,,40.1450727126,-23.4085230593,15.8929387538,13.2110802624,17.5324279847,16.0134543273,15.8929387538,15.8637100172,42.8842224518,5.0859287532,-3.158183478,25.382084845,8.8676186966,,,,,,17.590382237,,,,,0
600565.SH,600565,迪马股份,10002631,通用,2019-12-31 00:00:00,年报,2019年报,058001001,2020-04-30 00:00:00,2021-03-12 00:00:00,CNY,,5897115022.15,661109342.08,,26499599134.91,,,,,,,,,0,,,,558665438.19,,,2390967263.23,2435771.96,,,,,289741161.75,0,,0,,43116844.72,,1419357451.38,240433895.25,,,,,,1090000.0,,0,,,,,,150832838.31,,,,,,,8353447.9,,,,,70584617.92,69457190.3,,,,42850406919.64,3458169638.32,,,0,,,,,,2642584120.19,6622599000,,30106900.8,,,5914206534.43,6299866603.59,,0,,4373810000.0,0,,6855183326.36,663541342.08,958068304.21,2432000.0,,490475018.3,,1694270618.7,1909365418.75,50000000,,,39367394.16,,,,,0,,,,,,,,,757971578.92,,,,,,,,2435976284,,,2008300000,,1054475.92,356843327.43,,326876420.51,1261554258.82,72511746580.95,64350213238.26,49997084700.07,15049846702.72,72511746580.95,57461899878.23,8161533342.69,7464815178.16,6732429233.8,12084156175.33,9135640168.29,,,,,86688000,3576978706.33,,,,69.8684822948,55.5189753549,,13.9586913249,,,,,,,,,,,,,,,,-0.5452498039,189.6419571336,,,,,,,,,,,58.3067802098,24.0991595142,38.7510724032,,,,,,,,,,,,,,,-1.7873751894,,,,,,1946.3821839217,,,,,32.5008817429,12.0894714989,,,,21.8951257869,27.6655202871,,,,,,,,,74.7755362319,5.2352051524,,212.1146143626,,,82.413362571,-21.0836312874,,,,1.1595472031,,,61.897223004,55.09994573,25.6146843215,-10.4730351555,,15.6031808219,,34.090384196,173.8479398643,,,,-85.2963312133,,,,,,,,,,,,,,13.0453738489,,,,,,,,1.30401073,,,314.0824742268,,117.0401104223,19.5153465978,,40.1450727126,-9.2327496369,23.1893121178,21.5496393783,23.1323538657,30.7281453125,23.1893121178,21.3563660239,37.8512902777,10.6656618,13.6848585107,62.3517573857,10.4655899396,,,,,-29.8016857944,22.2098215986,,,标准无保留意见,,0
600565.SH,600565,迪马股份,10002631,通用,2019-09-30 00:00:00,三季报,2019三季报,058001001,2019-10-28 00:00:00,2019-10-28 00:00:00,CNY,,5898898843.7,563198153.57,,33594203768.54,,,,,,,,,0,,,,558320000.0,,,2352613073.06,2435771.96,,,,,23327000.0,0,,0,,50672675.86,,1230852731.43,174069878.42,,,9423973.61,,,,,0,,,,,,149994773.2,,,,,,,26932171.14,,,,,54007484.36,82107648.29,,,,49305949934.12,2708773387.32,,,0,,,,,,2441275938.25,7334580200,,15658429.58,,,5480005333.53,5290509613.33,,0,,3403200000.0,0,,6355835253.03,564998153.57,456936409.33,1800000.0,,424274673.77,,2354186391.09,1285410568.1,50000000,,,35000000.0,265170673.0,98500000.0,,,0,,,,,,,,,753768971.52,,,,,,,,2437976284,,,2831500000,,928925.07,67754660.53,,233241464.85,596518465.32,76696938289.7,69684085955.85,54827710983.24,13653084552.18,76696938289.7,63043853737.52,7012852333.85,8216142754.28,6693288267.72,11414672892.22,8173079218.65,,,,,89268000,2813312797.9,,,,,67.1024179096,,79.5627103118,,,,,,,,,,,,,,,,-4.9148640343,107.9884272466,,,,,,,,,,,,97.3941634551,-5.2376007501,,,8.9512490456,,,,,,,,,,,,0.6434948802,,,,,,6497.6966463424,,,,,13.8004502838,87.346598711,,,,64.9483394193,2.7388114776,,,,,,,,,249.8242736134,12.9625638964,,57.4910631956,,,1429.3162628988,-15.675393514,,,,0.0490996539,,,53.1037698284,67.6116173754,,3500.0,,8.4879945279,,41.6636763435,59.3380909387,,,,-86.8913857678,,,,,,,,,,,,,,3.5190873465,,,,,,,,1.0012812605,,,635.4545454545,,49.170370801,140.2055534606,,55.317617834,72.3606734123,58.2881515572,58.5517919085,63.1822648414,70.5465159829,58.2881515572,55.8619998835,55.7153221618,19.9533953578,15.9754706609,125.6942858662,6.8773177838,,,,,-41.614062333,18.6974319568,,,,,0
600565.SH,600565,迪马股份,10002631,通用,2019-06-30 00:00:00,中报,2019中报,058001001,2019-08-26 00:00:00,2019-08-26 00:00:00,CNY,,4385520627.8,511144133.55,,30555074987.88,,,,,,,,,0,,,,558320000.0,,,2345458210.13,2494648.64,,,,,21327000.0,0,,0,,32594433.42,,1214841686.93,173633989.04,,,7113294.02,,,,,0,,,,,,150055493.94,,,,,,,18148578.43,,,,,53911954.21,61501271.06,,,,48590574415.89,2708773387.32,,,0,,,,,,1844019457.16,6463980200,111621118.87,12025856.4,,,5341898744.78,6706901682.94,,0,,5076300000.0,0,,4821210942.1,512774133.55,435690314.3,1630000.0,,424274673.77,,2091165969.1,1241790138.85,50000000.0,,,35000000.0,260129577.11,98500000.0,,,0,,,,,,,,,722057109.99,,,,,,,,2437976284,,,3416700000,,733527.84,65604755.71,,233241464.85,532095547.67,74114216784.11,67736375849.95,53362875210.45,13312691832.33,74114216784.11,60801524951.78,6377840934.16,7438649741.33,7654098838.24,9112902538.48,7970793087.55,,,,,108644000.0,2637752926.96,,,,34.9298842613,65.1641417679,,93.9225515608,,,,,,,,,,,,,-19.4232813566,,,-5.7909875569,-25.1538997804,,,,,,,,,,,,92.0570709828,-5.1144818808,,,-17.7626869111,,,,,,,,,,,,0.3137698165,,,,,,4345.9399289074,,,,,9.9598938508,-74.8689951943,,,,77.0728781445,2.7388114776,,,,,,,,,177.0591998495,-0.1119540736,-41.9743124615,2.5841737059,,,1270.0708840815,-23.7493076768,,,,-10.5891677675,,,14.8040473696,62.9214360549,-54.1036160397,-69.0149452667,,8.4879945279,,61.8643454195,151.9986106526,,,,-88.5620915033,,,,,,,,,,,,,,-1.7410885989,,,,,,,,0.7252453473,,,166.9296875,,6.8331765899,159.4931937965,,55.317617834,0.0270472805,54.6244614413,56.0596696395,63.9579295917,69.6840043019,54.6244614413,51.6770406807,40.8657457934,-1.337468378,66.998437675,88.8379956157,6.9090150021,,,,,-37.4163044456,21.1487133581,,,,,0
600565.SH,600565,迪马股份,10002631,通用,2019-03-31 00:00:00,一季报,2019一季报,058001001,2019-04-30 00:00:00,2019-04-30 00:00:00,CNY,,,476844168.14,,27312522404.95,,,,,,,,,0,,,,308320000.0,,,2324771281.26,1731868.73,,,,,15598000.0,0,,0,,25451544.68,,1195583124.28,173657588.46,,,7113294.02,,,,,0,,,,,,151606314.33,,,,,,,15605105.66,,,,,53818057.65,46724680.75,,,,40787537048.58,2708773387.32,,,0,,,,,,1554246384.05,6185400200,132290798.87,9824476.26,,,4104072687.1,6328183352.28,,0,,3743464948.07,0,,3361037308.35,479114168.14,,2270000.0,,424274673.77,,1856661576.85,948955484.78,50000000.0,,,35000000.0,,98000000.0,,,0,,,,,,,,,963742479.93,,,,,,,,2368776284,,,1336200000,,662515.42,36904563.56,,233241464.85,1469302454.06,64161321397.03,58362421384.73,44714490946.98,12523710318.04,64161321397.03,51637611078.99,5798900012.3,6923120132.01,6506103783.21,7947182758.95,8419637630.94,,,,,,3067911411.64,,,,,32.4128511261,,148.7307286407,,,,,,,,,,,,,-92.9505765128,,,-5.8371439241,-48.0393276815,,,,,,,,,,,,103.2318689663,-10.2864191325,,,-17.7626869111,,,,,,,,,,,,-0.0208084237,,,,,,3722.8538183425,,,,,8.5995480674,-81.0156213489,,,,56.669341586,2.7388114776,,,,,,,,,142.9550701554,38.3062261725,-38.573680246,-18.7902122608,,,1004.7470824563,7.7624534578,,,,22.1996783988,,,-18.1818347944,31.6178104288,,-41.7948717949,,8.4883540005,,69.2845278759,90.8551537927,,,,-86.8913857678,,,,,,,,,,,,,,29.7275127059,,,,,,,,-2.1337598956,,,-15.4303797468,,-5.2022858867,57.4425683567,,55.317617834,230.1013081573,52.5833152129,55.101363565,80.0169501976,57.4100730956,52.5833152129,51.4569504041,31.1536022412,-25.1948815144,57.1070552898,125.8760571589,11.0094935035,,,,,,31.8423488011,,,,,0
600565.SH,600565,迪马股份,10002631,通用,2018-12-31 00:00:00,年报,2018年报,058001001,2019-03-26 00:00:00,2020-04-30 00:00:00,CNY,,3471576917.91,425098828.34,,23253688531.19,,,,,,,,,0,,,63449250.0,,,,2404075480.07,840959.64,,,,,,0,,0,,27236259.03,,1143728496.58,173284350.95,,,7113294.02,,,,,0,,,,,,153577850.71,,,,,,,408205.66,,,,,53271055.25,61965846.9,,,,35153503179.89,2708773387.32,,,0,,,,,,1511987419.5,6293140200,153715358.87,9646104.16,,,3242200270.35,7982965646.24,,0,,4323674948.07,0,,4234280983.43,427815328.34,762704065.52,2716500.0,,424274673.77,,1263528797.28,697235633.65,,,,267738580.97,,98000000.0,,,0,,,,,,,,,670502076.39,,,,,,,,2404619784,,,485000000,,485843.8,298575319.06,,233241464.85,1389878236.67,58862043576.95,52941508973.14,40604344130.86,11512323277.24,58862043576.95,47349720299.71,5920534603.81,6745376168.85,5922010478.79,7443193945.0,8270123006.89,,,,,123490145.0,2926915905.4,,,,-4.9284986898,-4.1963770177,,187.9963385347,,,,,,,,,,,,-1.1693925234,,,,-3.0568041981,-74.7689720761,,,,,,,,,,,,104.8676336274,-10.4792380806,,,-17.7626869111,,,,,,,,,,,,-0.1377981577,,,,,,0.0,,,,,3.4771764469,-67.7834067459,,,,62.1055802668,2.7388114776,,,,,,,,,135.6289887463,29.366036262,-33.7189497108,-25.8769589709,,,1022.4493912281,64.8556341948,,,,289.1346366727,,,-11.9869105371,-6.1028537152,-34.2169938316,-77.1766358418,,8.4880455041,,59.4342951651,97.5212926514,,,,0.2766220861,,,,,,,,,,,,,,-4.2244992334,,,,,,,,-0.7275570666,,,-75.4455245038,,-31.5735702306,101.8982286654,,55.317617834,119.0619206166,56.7168151814,59.6494450067,101.709558542,48.2473928177,56.7168151814,58.9243250889,34.6066607263,-30.1993620084,95.886033007,58.8750926711,10.6109714283,,,,,-31.1881515999,32.3113781407,,,标准无保留意见,,0
600565.SH,600565,迪马股份,10002631,通用,2018-09-30 00:00:00,三季报,2018三季报,058001001,2018-10-25 00:00:00,2018-10-25 00:00:00,CNY,,,337037704.55,,18708897693.85,,,,,,,,,0,,,62000000.0,,,,2474217499.05,1171109.37,,,,,,0,,0,,,,623550722.01,183690872.96,,,8649715.99,,,,,0,,,,,,149035735.87,,,,,,,408205.66,,,,,47458058.58,43826602.06,,,,29891752840.74,2636562900.0,,,0,,,,,,697857788.15,6492930000,172824888.68,9942424.2,,,358330416.44,6273980791.37,,0,,3401529860.61,0,,4151325117.7,337087704.55,,50000.0,,391079838.48,,1661813706.84,806718946.19,,,,267000000.0,,,,,0,,,,,,,,,728144915.92,,,,,,,,2413807284,,,385000000,,622727.6,28206950.07,,150170642.65,346087337.39,48453998315.84,43950361656.01,33599062395.99,8005490158.21,48453998315.84,40448508157.63,4503636659.83,6849445761.64,5771296490.18,5057581696.59,7647159741.77,,,,,152892980.0,2370154729.99,,,,,-44.2353131853,,159.7470896743,,,,,,,,,,,,-76.6037735849,,,,-2.5183849517,-11.2220866159,,,,,,,,,,,,61.0402343091,2.062208756,,,,,,,,,,,,,,,-2.1936667738,,,,,,0.0,,,,,-10.286547054,-74.367427664,,,,42.1195122207,91.296801752,,,,,,,,,21.8379735048,35.9721812116,-30.3361901493,-23.0104186774,,,24.3576653945,12.8811342655,,,,62.8595761561,,,3.9283778404,-44.3548082435,,-96.3970608693,,70.1723170624,,103.7785496378,211.0179879982,,,,13.6170212766,,,,,,,,,,,,,,-8.3998386933,,,,,,,,-0.3811612118,,,-87.3571522396,,,113.3741751356,,11.832024559,6.7844032261,33.2766948672,31.9918350815,76.2160317421,3.6879042188,33.2766948672,41.2545663209,47.2665027496,-28.4145821588,169.7749381596,12.6229300664,2.8865857253,,,,,-16.1231003835,3.5175316824,,,,,0
600565.SH,600565,迪马股份,10002631,通用,2018-06-30 00:00:00,中报,2018中报,058001001,2018-08-23 00:00:00,2018-08-23 00:00:00,CNY,0.0,3250221885.1,309476456.62,,15756328875.6,,,,,,,,,0,0.0,,64200000.0,692904860.61,,,2489632519.55,3333037.57,,,,,,0,0.0,0,0.0,,,632542025.51,182993140.03,,,8649715.99,,,218800865.02,,0,,,,,,149586137.79,,,,,,,408205.66,,,,,49028743.41,244722690.3,,,,27441003345.66,2636562900.0,,,0,,,0.0,,,665568751.43,6471225000,192365008.68,11722915.89,,,389899442.93,8795856770.08,,0,0.0,5677500000.0,0,0.0,4199513042.06,314737057.3,949291156.96,5260600.68,,391079838.48,,1291925015.16,492776581.44,,,,306000000.0,,,4119812040.39,4825778047.88,0,0.0,,,,,,,,734851526.13,,,,,,,,2420422284,,,1280000000,,686610.53,25281879.17,,150170642.65,531951669.21,47931754195.46,43404151762.21,32546687643.19,7845578542.95,47931754195.46,40086175652.51,4527602433.25,7539488009.32,4583335595.71,4825778047.88,7455679100.02,,,,,173597930.0,2177285134.81,,,,22.1114655282,-51.9678668965,,76.0337891319,,,,,,,,,,,,-75.7735849057,-84.12574622,,,0.4473145339,-93.6491531967,,,,,,,,,,,,29.2611482082,145.5176169832,,,,,,,,,,,,,,,60.4404256852,,,,,,0.0,,,,,-10.4763821331,-3.4673607628,,,,21.8525125978,3888.544589288,,,,,,,,,193.6819457517,54.3693523917,-28.5112147817,7.1284105849,,,-26.813934538,142.3518651265,,,,340.1410226687,,,6.6943160926,-51.3230661796,-25.5071582099,131.5118600479,,,,33.3475751965,,,,,-48.7960375496,,,196.5533183347,-7.1314992425,,,,,,,,,,-0.3549782869,,,,,,,,-0.2618987003,,,-59.140677371,,,66.1253685522,,12.6648501063,6.1030248945,34.8101559611,28.8015345421,67.1743519854,9.1835879732,34.8101559611,41.3011174345,143.8746786943,-15.2925334341,179.0047966051,-7.1314992425,12.06618686,,,,,-33.7169156219,16.0466585626,,,,,0
600565.SH,600565,迪马股份,10002631,通用,2018-03-31 00:00:00,一季报,2018一季报,058001001,2018-04-26 00:00:00,2018-04-26 00:00:00,CNY,0.0,3221771242.25,360119251.33,,10980759214.68,,,,,,,,,0,0.0,,64200000,4373690991.34,,,2468883568.47,3333037.57,,,,,,0,0.0,0,0.0,,,588285257.8,193568896.46,,,8649715.99,,,,,0,,,,,,151637867.78,,,,,,,408205.66,,,,,49556428.74,246121727.81,,,,26034153610.19,2636562900.0,,,0,,,0.0,,,639725848.51,4472250000,215365008.68,12097650.46,,,371494322.3,5872345282.82,,0,0.0,3063400000.0,0,0.0,4107935322.07,364019251.33,886164079.82,3900000.0,,391078542.65,,1096769799.43,497212396.9,,,,267000000,,,3895069621.75,3518382098.09,0,0.0,,,,,,,,742897524.07,,,,,,,,2420422284,,,1580000000,,698872.78,23440016.22,,150170642.65,445106522.68,42050024478.44,37628567565.93,24839044822.11,7956104759.85,42050024478.44,34093919718.59,4421456912.51,9254874896.48,4141191349.56,3518382098.09,7584610437.55,,,,,173597930,2326954457.0,,,,44.0368874127,-46.9572973004,,52.8542001556,,,,,,,,,,,,-58.1758957655,-18.4452249004,,,0.7313999202,-93.8159352699,,,,,,,,,,,,34.9626894027,99.8610531646,,,,,,,,,,,,,,,74.5088344462,,,,,,0,,,,,-12.5005178507,-1.840675415,,,,25.5034283138,3843.7486164227,,,,,,,,,192.4204565744,96.8896519844,-26.6749506443,34.0514313359,,,-53.3557650516,9.665695518,,,,375.7275522564,,,16.2132278382,-46.5269885759,-31.7315379148,113.1195824797,,,,30.2147958767,595.4797528923,,,,44.3243243243,,,121.095191244,-7.7861161543,,,,,,,,,,574.4328575065,,,,,,,,0.0645882775,,,-45.1007644197,,,142.568044628,,12.6648501063,-44.7693186864,28.1463642765,19.2770870119,44.9178090882,4.0140656443,28.1463642765,35.4815360673,249.0060528019,15.3269499832,105.7782786895,-7.7861161543,10.6818395292,,,,,-28.369909953,11.2379768869,,,,,0
600565.SH,600565,迪马股份,10002631,通用,2017-12-31 00:00:00,年报,2017年报,058001001,2018-04-26 00:00:00,2019-03-26 00:00:00,CNY,0.0,3651543175.47,443718948.31,,8074300058.64,,,,,,,,,0,0.0,,64200000,4373690991.34,,,2479880573.55,3333037.57,,,,,,0,0.0,0,0.0,,,558276813.34,193568896.46,,,8649715.99,,,,,0,,,,,,153789770.18,,,,,,,408205.66,,,,,51480971.05,192341401.25,,,,21685560189.87,2636562900.0,,,0,,,0.0,,,641681410.91,4864600000,231914488.68,13013637.9,,,288850463.61,4842397825.97,,0,0.0,1111100000.0,0,0.0,4810967333.69,455621225.21,1159424158.22,11902276.9,,391079654.72,,792507531.69,352992644.13,,,,267000000,,,2830850394.45,4684934447.47,0,0.0,,,,,,,,700076816.12,,,,,,,,2422242984,,,1975200000,,710023.6,147884070.62,,150170642.65,634468205.5,37559494498.93,33161098036.33,20130104108.28,7765616014.17,37559494498.93,29793878484.76,4398396462.6,9663774376.48,3023191795.7,4684934447.47,7476765550.56,,,,,179460584,2212142256.04,,,,16.2582642169,-67.641314698,,38.4648498852,,,,,,,,,,,,-58.1758957655,-18.4452249004,,,1.1800819605,-93.6908637333,,,,,,,,,,,,38.9619693087,92.0621106423,,,,,,,,,,,,,,,17.4374774516,,,,,,0,,,,,-11.5161025266,3.7344370731,,,,5.5688347054,2901.0049399017,,,,,,,,,185.7819971457,322.1277334259,-24.3625072102,60.7664777698,,,-63.6944909376,22.9064163564,,,,55.6511263028,,,23.0612975825,-67.072288506,50.8649000716,-4.3993074613,,,,10.3152456534,393.7512387924,,,,44.3243243243,,,52.1970726595,83.2161396163,,,,,,,,,,647.3439210492,,,,,,,,0.1398592735,,,-26.8690922689,,,58.1413449152,,31.6391827924,-28.7866752924,22.9947552175,13.4318892192,23.8256707491,5.540037487,22.9947552175,28.5354920147,237.5315771299,39.5957476619,47.8039120699,83.2161396163,13.9339130685,,,,,-25.9508578713,21.4909269506,,,标准无保留意见,,0
600565.SH,600565,迪马股份,10002631,通用,2017-09-30 00:00:00,三季报,2017三季报,058001001,2017-10-27 00:00:00,2017-10-27 00:00:00,CNY,0.0,2799819807.58,604392714.82,,7202736214.41,,,,,,,,,0,0.0,,265000000,4364960206.71,,,2538137573.76,1319144.96,,,,,,0,0.0,0,0.0,,,387201822.38,179979323.59,,,,,,,,0,,,,,,152378410.43,,,,,,,408205.66,,,,,52899600.92,170980116.57,,,,21032828197.67,1378257700.0,,,0,,,0.0,,,572775275.29,4775190000,248084176.06,12913986.58,,,288145017.28,5558041945.8,,0,0.0,2088627479.51,0,0.0,3994409615.51,605780470.71,1194589807.93,1387755.89,,229814017.48,,815499820.66,259380157.2,,,,235000000,,,1968320342.38,4490721111.24,0,0.0,,,,,,,,794916630.64,,,,,,,,2423042984,,,3045200000,,,13219477.03,,134282324.98,324099144.57,36355942322.94,33297788176.72,19066972547.18,7720756069.4,36355942322.94,28635186253.54,3058154146.22,9568213706.36,2139300458.95,4490721111.24,7432611052.12,,,,,182282584,2289616735.9,,,,15.7349480132,32.3325822352,,-27.6390601033,,,,,,,,,,,,430.0,-26.6682820913,,,10.4586835724,-77.7947937638,,,,,,,,,,,,17.6872393232,271.320552042,,,,,,,,,,,,,,,21.8642128086,,,,,,0,,,,,-5.5482847848,-20.3306958034,,,,-10.214306036,1792.8403813443,,,,,,,,,282.3386030712,92.0994935212,-32.0317325863,0.6318906939,,,-7.1477670094,42.4255337576,,,,311.4711346552,,,31.1416093262,32.2166725025,90.6129430159,-4.2926972414,,,,-19.9349137059,,,,,571.4285714286,,,157.6999524907,60.8676190341,,,,,,,,,,544.5164676191,,,,,,,,3.2900912554,,,25.3008875411,,,195.7323213889,,29.2649213046,-14.9705131771,11.5215668199,4.96398404,10.2026789225,19.7726041282,11.5215668199,9.4879128683,248.7618978865,8.0908638991,118.6495006408,60.6699613167,21.1341269053,,,,,,64.9232189777,,,,,0
600565.SH,600565,迪马股份,10002631,通用,2017-06-30 00:00:00,中报,2017中报,058001001,2017-08-26 00:00:00,2017-08-26 00:00:00,CNY,,2661684446.29,644311290.43,,8950741191.96,,,,,,,,,0,,,265000000,4364960206.71,,,2478545624.74,52481781.93,,,,,,0,,0,,,,489352008.92,74533608.74,,,,,,,,0,,,,,,93234692.66,,,,,,,408205.66,,,,,54766266.8,253512897.02,,,,22519850235.87,66103382.85,,,0,,,,,,226629100.31,4192040000,269084176.06,10942863.64,,,532750928.02,3629374490.47,,0,,1289927479.51,0,,3936023207.1,646583571.72,1274338760.81,2272281.29,,,,968840275.69,,,,,597610000,,,1389231475.65,5196356147.15,0,,,,,,,,,737469382.31,,,,,,,,2426777984,,,3132700000,,,15218554.15,,133289701.72,501353914.97,35555002405.98,33698474103.21,19468708720.36,7185675694.11,35555002405.98,28369326711.87,1856528302.77,8900617991.51,1642744372.67,5196356147.15,6652924766.09,,,,,261903820,1876215275.63,,,,5.3568376668,77.9553911274,,-3.7404355818,,,,,,,,,,,,-39.1087532029,-18.5752958743,,,7.8702317802,2621.8377619773,,,,,,,,,,,,54.3465791121,53.7724455842,,,,,,,,,,,,,,,-25.0381274418,,,,,,0,,,,,-2.8171302635,0.8283043737,,,,-2.9632599602,-10.0679548708,,,,,,,,,89.5297421671,41.764258298,,-6.586310418,,,174.9207273398,0.3929033241,,,,133.4287874611,,,14.2523611629,78.336704972,38.715039736,354.456258,,,,3.8054984265,,,,,1607.4571428571,,,96.2815229167,257.3958283127,,,,,,,,,,447.372716085,,,,,,,,3.4493077833,,,88.2519079382,,,97.64797487,,28.3093870032,88.2509912365,15.1129644597,13.4172625291,20.2254513992,13.573390735,15.1129644597,15.509571533,57.9878135189,6.3820733946,71.2609860952,256.2542549853,8.4754208807,,,,,,35.4019598461,,,,,0
600565.SH,600565,迪马股份,10002631,通用,2017-03-31 00:00:00,一季报,2017一季报,058001001,2017-04-28 00:00:00,2017-04-28 00:00:00,CNY,,2236768164.13,678923269.37,,7183812550.46,,,,,,,,,0,,,153500000,5362887686.22,,,2450957268.96,53897197.32,,,,,,0,,0,,,,435887325.9,96851734.44,,,,,,,,0,,,,,,86894092.36,,,,,,,408205.66,,,,,56636253.75,250736981.79,,,,20743778843.31,66854233.28,,,0,,,,,,218769184.62,2271450000,293712736.06,9024633.56,,,796442095.6,5354769561.33,,0,,643940000.0,0,,3534825938.91,680753227.91,1298057774.78,1829958.54,,,,842277401.77,71492001.72,,,,185000000,,,1761716118.67,3815458097.37,0,,,,,,,,,110151442.92,,,,,,,,2418859984,,,2878000000,,,9663274.59,,133289701.72,805904457.62,32814059701.06,31547188574.61,17140091323.76,7649066220.58,32814059701.06,25164993480.48,1266871126.45,8024902156.72,2012453100.46,3815458097.37,6852624124.98,,,,,242353360,2091870530.3,,,,0.9883503205,85.8281640819,,-7.2631931173,,,,,,,,,,,,207.0,34.9463075465,,,6.9031698824,10246.3126070366,,,,,,,,,,,,66.9236136874,99.8176167192,,,,,,,,,,,,,,,-30.9903274324,,,,,,0,,,,,-2.0273423427,36.8286916705,,,,-2.4516871568,-9.8916313695,,,,,,,,,-56.2546548944,-48.1821728151,,-20.0036407843,,,311.6057701012,32.7044560539,,,,-32.7548036759,,,15.3751433705,86.3290422388,52.9123821096,,,,,10.5583678532,10770.1288783504,,,,428.5714285714,,,174.7343582726,92.7040565982,,,,,,,,,,25.3556695427,,,,,,,,3.1117772698,,,60.8090741465,,,26.1280512701,,28.3093870032,97.4606905436,10.7890648264,10.683555541,15.8234386111,19.2754032494,10.7890648264,8.4438323014,13.4828695659,-4.5460187617,144.0839172503,92.0362381287,10.1805690953,,,,,,41.6487940054,,,,,0
600565.SH,600565,迪马股份,10002631,通用,2016-12-31 00:00:00,年报,2016年报,058001001,2017-04-28 00:00:00,2018-03-27 00:00:00,CNY,0.0,3140889123.08,1371251471.34,,5831299470.83,,,,,,,,,0,0.0,,153500000,5362887686.22,,,2450957268.96,52828745.95,,,,,,0,0.0,0,0.0,,,401747914.28,100784530.49,,,,,,,,0,,,,,,130954592.62,,,,,,,408205.66,,,,,58181174.79,185417115.74,,,,20541630728.79,87856000.0,,,0,,,0.0,,,224535281.2,1152400000,306613136.06,8094745.92,,,795610559.03,3939906450.39,,0,0.0,713840000,0,0.0,3909407285.8,1383701461.59,768518162.72,12449990.25,,,,718402544.45,71492001.72,,,,185000000,,,1859990041.19,2557053356.37,0,0.0,,,,,,,,93675320.88,,,,,,,,2418859984,,,2700910000.0,,,93513856.67,,114077464.98,890940295.38,30537476522.89,29234369862.47,16256810067.33,7357981102.79,30537476522.89,23179495420.1,1303106660.42,6922685352.77,2045407156.93,2557053356.37,6562370543.76,,,,,242353360.0,1820829185.82,,,,19.3878032944,283.9643148177,,-5.1374940758,,,,,,,,,,,,207.0,79.9149796762,,,6.7966939424,14165.6426025244,,,,,,,,,,,,58.0317424693,107.9314820856,,,,,,,,,,,,,,,2.8949068163,,,,,,0.0,,,,,-2.3807871436,47.5119441699,,,,1.567725096,17.3250031541,,,,,,,,,94.1205120099,-67.2724277872,,221.9031662057,,,733.8271179345,15.5250926444,,,,-51.2700612333,,,15.1029666286,286.9087464567,0.3792714043,2389.99805,,,,17.2235587295,,,,,428.5714285714,,,292.2396467456,90.9504279827,,,,,,,,,,-12.432940429,,,,,,,,3.1117772698,,,40.5947190876,,,93.2357149917,,9.8150075631,121.6562626462,14.0670886029,12.2172997994,16.2883974799,17.9103191138,14.0670886029,12.8989637479,81.0036595078,5.6664601344,240.9616007612,90.9504279827,6.7937177427,,,,,,30.0420581196,,,标准无保留意见,,0
600565.SH,600565,迪马股份,10002631,通用,2016-09-30 00:00:00,三季报,2016三季报,058001001,2016-10-27 00:00:00,2016-10-27 00:00:00,CNY,,2419165390.96,456722527.9,,9953900854.09,,,,,,,,,0,,,50000000,5952349585.13,,,2297816243.75,5940701.23,,,,,,0,,0,,400000.0,,329009181.12,48470067.87,,,,,,,,0,,,,,,125039506.61,,,,,,,408205.66,40000000.0,,,,56007030.47,214612288.0,3434207.54,,,23425589611.3,72814259.12,,,0,,,,,,149808382.07,2485790000,365000000.0,12832896.7,,,310326427.27,3902419600.73,,0,,507600000,0,,3045875093.37,458172527.9,626709702.41,1450000.0,,,,1018546108.43,,,,,35000000,,,763803145.23,2791563111.46,0,,,,,,,,,123335348.37,,,,,,,,2345861984,,,2430310000.0,,,4470081.92,,103881488.98,381160885.1,32599920678.71,31723060515.73,17301732347.71,6446178678.0,32599920678.71,26153742000.71,876860162.98,8852009653.0,978415433.23,2794997319.0,6135852250.73,,,,,,1388292534.0,,,,24.9529844078,47.0413524907,,42.3120997962,,,,,,,,,,,,0.0,197.6174792565,,,-3.0692770126,,,,,,,,,,,,,79.8842524966,306.766020447,,,,,,,,,,,,,,,0.3581673927,,,,,,-92.3530916122,,,,,-35.2875393732,111.5753185704,,,,13.2263894468,1308.1366749526,,,,,,,,,148.9258595987,-26.8261163934,,606.7222860243,,,15.2547708753,49.2269246175,,,,-71.4306619464,,,9.8167921703,46.2767180492,-25.1722377458,-44.5489477949,,,,41.3162791371,,,,,-48.5765709059,,,55.0551089266,271.4532742565,,,,,,,,,,44.5006295201,,,,,,,,0.0,,,63.0971075767,,,-25.3027085265,,4.264626826,84.7948416391,26.5538674183,26.0096277612,25.0023500444,2.8988588665,26.5538674183,34.1551783165,49.9904831633,56.5614550589,64.706284611,271.910239614,2.343949652,,,,,,17.726281129,,,,,0
600565.SH,600565,迪马股份,10002631,通用,2016-06-30 00:00:00,中报,2016中报,058001001,2016-08-26 00:00:00,2016-08-26 00:00:00,CNY,,2526351877.33,362063372.37,,9298547366.24,,,,,,,,,0,,,435202125,5360732045.12,,,2297710484.01,1928174.51,,,,,,0,,0,,400000.0,,317047524.95,48470067.87,,,,,,,,0,,,,,,124376152.14,,,,,,,408205.66,,,,,56353827.53,251430288.94,4659005.07,,,23207550281.09,73503702.44,,,0,,,,,,119574425.48,2957050000,,11714411.12,,,193783471.03,3615170365.93,,0,,552600000,0,,3445025701.91,362563372.37,918673824.58,500000.0,,,,933322695.21,,,,,35000000,,,707774962.72,1453949860.49,0,,,,,,,,,134728926.13,,,,,,,,2345861984,,,1664100000.0,,,7699828.02,,103881488.98,266322058.48,30887053055.12,29711944506.29,16193500206.31,6326900735.82,30887053055.12,24560152319.3,1175108548.83,8366652112.99,959205251.66,1458608865.56,6133117264.79,,,,,,1385663307.8,,,,8.5879526341,9.3040675622,,46.7771606946,,,,,,,,,,,,1640.8085,,,,-3.073738365,,,,,,,,,,,,,82.8773861361,306.766020447,,,,,,,,,,,,,,,-1.2371023474,,,,,,-92.3530916122,,,,,-36.4985505973,202.7042533706,,,,13.6906472771,1301.016876209,,,,,,,,,150.8622167003,-23.2369723118,,492.6566149042,,,-27.5108630621,54.0866913051,,,,-76.0249902382,,,-0.4730120274,8.3487736647,-19.0488464548,-85.2158486103,,,,48.183602678,,,,,-31.49798679,,,43.8669199669,205.8863243386,,,,,,,,,,38.7464446213,,,,,,,,0.0,,,2.3589112717,,,-12.5751555378,,4.264626826,29.1300450998,24.4424744313,22.2915981943,11.5464440234,2.1459873312,24.4424744313,31.8569081254,124.101507127,103.6129649599,66.8106415094,206.8664997729,3.4836896016,,,,,,24.7692434173,,,,,0
600565.SH,600565,迪马股份,10002631,通用,2016-03-31 00:00:00,一季报,2016一季报,058001001,2016-04-26 00:00:00,2016-04-26 00:00:00,CNY,,2214877416.09,365350038.69,,7746452343.94,,,,,,,,,0,,,50000000,3974089979.73,,,2292689049.03,520931.46,,,,,,0,,0,,1000000.0,,261129816.37,48470067.87,,,,,,,,0,,,,,,125915816.04,,,,,,,408205.66,,,,,57808224.36,183248833.8,6885430.0,,,21265133387.45,74193145.76,,,0,,,,,,500097059.68,4383530000,,11281305.36,,,193496338.84,4035109084.17,,0,,957600000,0,,3063767320.8,365350038.69,848889904.71,,,,,761839576.8,657692.31,,,,35000000,,,641243465.05,1979957331.84,0,,,,,,,,,87871129.66,,,,,,,,2345861984,,,1789700000.0,,215511.5,7661479.34,,103881488.98,408134123.0,29618500483.3,28502145978.61,14798465258.24,6412945177.46,29618500483.3,23205555305.84,1116354504.69,8407090047.6,824492298.85,1986842761.84,6219448838.62,,,,,,1476800805.11,,,,18.0402505177,13.791246708,,23.7998558765,,,,,,,,,,,,400.0,,,,-3.6165411415,,,,,,,,,,,,,50.5873131536,306.766020447,,,,,,,,,,,,,,,-1.9991669972,,,,,,0.0,,,,,-36.255657841,269.7560240925,,,,8.1911078425,1294.0990572731,,,,,,,,,752.3542034795,39.9835859312,,411.918916344,,,-24.5526496049,27.053113641,,,,-66.887966805,,,5.8189150756,13.5436979383,-16.6871209887,,,,,30.1529241093,,,,,-31.49798679,,,52.6417519144,668.0602458213,,,,,,,,,,-30.2687227546,,,,,,,,0.0,,,-21.7123609896,,,-32.8572454147,,4.264626826,59.7053071732,20.1938630523,18.1583320746,-1.7836389209,3.9933512063,20.1938630523,25.6011880328,114.5682929776,146.6597039578,75.5522257173,670.7312251264,5.2320628433,,,,,,35.9839044466,,,,,0
600565.SH,600565,迪马股份,10002631,通用,2015-12-31 00:00:00,年报,2015年报,058001001,2016-04-26 00:00:00,2017-03-16 00:00:00,CNY,,2630829143.69,357129925.47,,6147106714.1,,,,,,,,,0,,,50000000,2980789979.73,,,2294974852.2,370321.53,,,,,,0,,0,,1000000.0,,254219758.64,48470067.87,,,,,,,,0,,,,,,127270237.83,,,,,,,408205.66,,,,,59600126.95,125696340.58,,,,20224565145.45,74882589.08,,,0,,,,,,115667983.19,3521190000,,2514652.47,,,95416728.71,3410433491.29,,0,,1464890000,0,,3396443549.9,357629925.47,765614406.21,500000.0,,,,612848263.81,,,,,35000000,,,474197357.82,1339118944.84,0,,,,,,,,,106975524.06,,,,,,,,2345861984,,,1921060774.92,,,48393671.26,,103881488.98,401946818.35,26771505170.27,26051571294.92,13979735226.93,6240319895.74,26771505170.27,20531185274.53,719933875.35,6551450047.6,599893698.4,1339118944.84,6144903167.03,,,,,,1400184841.85,,,,3.9692637833,18.2913455947,,20.2366814763,,,,,,,,,,,,400.0,,,,-4.7010886963,,,,,,,,,,,,,51.6114351241,306.766020447,,,,,,,,,,,,,,,-2.8831580645,,,,,,0.0,,,,,-35.6966071023,45.6993124686,,,,16.0564678472,1287.37474348,,,,,,,,,133.0664120994,6.8831330458,,1.399108742,,,-63.2749791958,-21.218883174,,,,-35.2280012911,,,14.4883509843,18.0655885867,75.5043054079,-50.0389506333,,,,46.9312254087,,,,,2.8468581881,,,-2.5798046745,393.1423016129,,,,,,,,,,-31.4394499727,,,,,,,,0.0,,,-22.6902138405,,,25.1676048782,,4.264626826,50.0000025339,14.4256017803,13.7470659812,2.0025237032,1.9693470459,14.4256017803,18.8379082806,45.9251222163,83.4448447385,4.6887878471,393.1423016129,4.8620820856,,,,,,39.1411263288,,,标准无保留意见,,0
600565.SH,600565,迪马股份,10002631,通用,2015-09-30 00:00:00,三季报,2015三季报,058001001,2015-10-27 00:00:00,2015-10-27 00:00:00,CNY,,1936060513.02,310608220.18,,6994416404.75,,,,,,,,,0,,,50000000.0,2000000000.0,,,2370575781.27,,,,,,,0,,0,,,,182900491.04,11915957.93,,,,,,,,0,,,,,,124593254.2,,,,,,,5338179.03,,,,,86547521.03,101435408.18,,,,20689160650.41,5170965.32,,,0,,,,,,60181928.19,3397100000,,1815833.03,,,269252565.35,2615090816.04,,0,,1776730000,0,,2773596854.52,313223139.0,837536341.5,2614918.82,,,,720756387.48,,,,,68062361.1,,245000000,492601082.62,751524701.74,0,,,,,,,,,85352810.42,,,,,,,,2345861984,,,1490100000.0,,,5984262.39,,99632533.24,206261647.63,25759719038.03,25175108505.09,13841125660.09,6264577420.01,25759719038.03,19495141618.02,584610532.94,5654015957.93,594036490.8,751524701.74,5995324854.66,,,,,,1179254556.15,,,,32.0366298439,-21.641579773,,7.7802648709,,,,,,,,,,,,,,,,1.5692932075,,,,,,,,,,,,,29.0017559291,,,,,,,,,,,,,,,,-4.6319494596,,,,,,1207.718033601,,,,,-9.3033730296,-6.3028992566,,,,22.9796442477,-5.5172334506,,,,,,,,,19.1634226969,7.873553181,,-29.246751386,,,-1.1794834496,-29.9331987896,,,,-32.5545112211,,,23.1085730291,-21.851395234,6.4670522585,-40.7092897816,,,,122705.184532514,,,,,,,-7.5471698113,35.0428880794,71.2685573811,,,,,,,,,,17.0980260394,,,,,,,,0.0,,,6.1879221965,,,49.3180694007,,-13.3796311099,144.7009546322,17.6489709934,17.2647741941,8.1702614828,10.2002433214,17.6489709934,20.2610722081,36.9744595395,65.564224739,25.5804387472,71.2685573811,10.7731267491,,,,,,90.9964089379,,,,,0
600565.SH,600565,迪马股份,10002631,通用,2015-06-30 00:00:00,中报,2015中报,058001001,2015-08-01 00:00:00,2015-08-01 00:00:00,CNY,,2326548955.06,331244189.21,,6335145960.2,,,,,,,,,0,,,25000000.0,,,,2370575781.27,,,,,,,0,,0,0.0,,,173366172.63,11915957.93,,,,,,,,0,0.0,,,,,125934085.67,,,,,,,5338179.03,,,,,88744159.48,83061366.38,,,,20412893089.2,5246453.75,,,0,,,,,,47665378.65,3852180000,,1976593.33,,0.0,267327601.37,2346192481.2,,0,0.0,2304900000,0,0.0,3461398533.29,334626189.21,1134849578.23,3382000.0,,0.0,,629842086.67,,,0.0,0.0,51093388.88,,245000000,491965048.59,475323590.76,0,0.0,0.0,0.0,,,0.0,0.0,,97104416.98,,,,,,,,2345861984,,,1625750000.0,,,8807368.28,,99632533.24,206243293.94,24820346265.44,24295981854.02,14517271570.68,6193978736.83,24820346265.44,18626367528.61,524364411.42,4109095957.93,575026414.97,475323590.76,5926651135.46,,,,,,1110580836.95,,,,40.3751004857,-21.9626717022,,16.6750385417,,,,,,,,,,,,,,,,41.1299839676,,,,,,,,,,,,,29.6914579984,,,,,,,,,,,,,,,,-3.9198717712,,,,,,1207.718033601,,,,,-8.8589295655,-28.5516294811,,,,33.8749651943,-5.4421691563,,,,,,,,,-9.7436745529,57.7424070563,,-26.8006768372,,,-48.1726909838,-27.4878757726,,,,-20.1351351351,,,41.1176428952,-22.1886689685,42.664754958,-39.3825254547,,,,14907.3299682165,,,,,,,0.0,5.6616547438,5.6900696658,,,,,,,,,,36.6772293616,,,,,,,,23.0493589154,,,21.6532722729,,,52.8193486795,,-13.3796311099,160.5897998343,24.9644401549,24.989994685,17.5279180179,28.4576434223,24.9644401549,23.8445323105,23.7917437948,52.8720685473,-1.1740708233,5.6900696658,37.6369876806,,,,,,83.618994655,,,,,0
600565.SH,600565,迪马股份,10002631,通用,2015-03-31 00:00:00,一季报,2015一季报,058001001,2015-04-21 00:00:00,2015-04-21 00:00:00,CNY,,1876374716.57,321070424.36,,6257238580.04,,,,,,,,,0,,,10000000.0,,,,2378716302.76,,,,,,,0,,0,0.0,,,173407580.56,11915957.93,,,,,,,,0,0.0,,,,,128484434.45,,,,,,,408205.66,,,,,90687616.19,49559391.02,,,,19655158183.99,5321942.18,,,0,,,,,,58672445.99,3131460000,,2203728.95,,0.0,256465386.56,3175923020.33,,0,0.0,2892000000,0,0.0,2895292697.54,321770424.36,1018917980.97,700000.0,,0.0,,585341883.03,,,0.0,0.0,51093388.88,,265000000,420097029.16,257786722.15,0,0.0,0.0,0.0,,,0.0,0.0,,126013939.7,,,,,,,,2345861984,,,2286056933.92,,,11410731.34,,99632533.24,255554514.89,24642273516.42,24121994173.56,15067209877.91,6166687680.58,24642273516.42,18475585835.84,520279342.86,3408375957.93,469656420.18,257786722.15,5910222294.02,,,,,,1086011474.02,,,,92.2871983293,-19.8646975408,,213.9420357088,,,,,,,,,,,,,,,,4611.2324911154,,,,,,,,,,,,,146.5554330058,,,,,,,,,,,,,,,,13.7290494316,,,,,,0.0,,,,,-8.6944416513,-24.5714450629,,,,116.1644060945,-5.3691200081,,,,,,,,,34.3474735668,13.0666493355,,202.4990233804,,,-60.0422184417,225.7792158965,,,,141.8060200669,,,113.6448096788,-20.0186074599,168.5809047616,-57.4779057324,,,,218551.642715385,,,,,,,8.1632653061,21.2198670049,-10.5119523317,,,,,,,,,,36.1483029326,,,,,,,,225.8141644444,,,69.9784323055,,,115.286531914,,48.6718863136,385.0630417391,120.3386007836,122.3069914602,142.3498323618,216.0403377328,120.3386007836,100.1127923129,56.2108509395,13.0302856666,13.9219265033,-10.5119523317,351.3709948317,,,,,,130.1417394536,,,,,0
600565.SH,600565,迪马股份,10002631,通用,2014-12-31 00:00:00,年报,2014年报,058001001,2015-03-04 00:00:00,2016-04-26 00:00:00,CNY,,2530391240.6,301907061.48,,5112505300.9,,,,,,,,,0,,,10000000.0,,,,2408185802.76,,,,,,,0,,0,,,,167678485.75,11915957.93,,,,,,,,0,,,,,,131048575.4,,,,,,,408205.66,,,,,92685819.93,86271059.52,,,,17426486882.3,5397430.61,,,0,,,,,,49628765.53,3294430000,,2479955.2,,,259813954.14,4328998659.44,,0,,2261610000,0,,2966628063.64,302907841.1,436236823.04,1000779.62,,,,417098722.28,,,,,34031180.55,,265000000,486754677.75,271548180.0,0,,,,,,,,,156030726.15,,,,,,,,2345861984,,,2484886933.92,,,38663096.02,,99632533.24,267964541.04,23396429429.9,22903071011.27,13705283672.79,6119799799.18,23396429429.9,17276629630.72,493358418.63,3571345957.93,573025737.27,271548180.0,5859985845.04,,,,,,1006305525.04,,,,39.9595011952,-10.5155832402,,-2.4752675435,,,,,,,,,,,,,,,,19.5306281921,,,,,,,,,,,,,43.8475095562,,,,,,,,,,,,,,,,-1.9915088898,,,,,,0.0,,,,,-8.6045461004,-50.1298756317,,,,16.7629216701,-5.2980059339,,,,,,,,,-79.4042953858,-15.2728198587,,184.7605077808,,,-81.0738410092,37.2085971254,,,,244.2905204829,,,6.6277100889,-12.0635007212,-55.2249091233,-85.8586026466,,,,11485.7180707562,,,,,,,8.1632653061,12.8193396983,-26.9929659706,,,,,,,,,,96.1983191028,,,,,,,,225.8141644444,,,62.8675786303,,,63.6945868542,,2.9409775072,224.1505834281,20.1116764761,21.3133838012,29.0599763388,29.5080778494,20.1116764761,17.1020851791,-17.7235723717,-13.6138238178,-5.1968742122,-26.9929659706,74.7870832182,,,,,,93.0916139861,,,标准无保留意见,,0
600565.SH,600565,迪马股份,10002631,通用,2014-09-30 00:00:00,三季报,2014三季报,058001001,2014-10-28 00:00:00,2014-10-28 00:00:00,CNY,,1466305611.79,396394183.65,,6489514952.6,,,,,,,,,0,,,,,,,2333949273.85,,,,,,,0,,0,0.0,,,141781396.48,,,,,,,,,0,0.0,,,,,130644648.28,,,,,,,408205.66,,,,,95425291.9,108258854.73,,,,16823239957.29,5472919.04,,,0,,,,,,50503692.18,3149150000,,2566430.61,,,272466259.79,3732282294.7,,0,0.0,2634320000,0,0.0,2252968080.35,400804518.44,786662468.56,4410334.79,,,,586910.39,,,,,,,265000000,364773806.03,438798991.03,0,0.0,,,,,,,,72890050.59,,,,,,,,2345861984,,,1403266933.92,848600.6,,4007728.21,,115022060.65,-461425598.91,21895405306.59,21468602722.44,12795684756.93,5684721949.06,21895405306.59,16210683357.53,426802584.15,3414998600.6,473032660.76,438798991.03,5412255689.27,,,,,,617422370.77,,,,33.0325048196,-7.8221743041,,245.7205162149,,,,,,,,,,,,,,,,4338.5794665063,,,,,,,,,,,,,118.2902484495,,,,,,,,,,,,,,,,12.8165024018,,,,,,0.0,,,,,-7.4792313892,127.1882588391,,,,101.7440210109,-33.3202928493,,,,,,,,,-78.0747830533,35.670803948,,161.7161698536,,,-69.8266258539,134.0517355345,,,,304.651234236,,,10.7728988409,-8.0240324258,-15.5620949359,-23.1498891241,,,,-41.7705198856,,,,,,,,7.5004322725,231.5449971387,,,,,,,,,,-21.4003342298,,,,,,,,225.8141644444,,,-18.4858011083,,,21.9788156761,,83.1203891061,-724.3391433385,96.9143827932,102.6217621711,93.3538353391,160.7281240601,96.9143827932,81.3493435615,-18.5247542883,47.1240193782,22.2386490306,231.5449971387,323.7185519878,,,,,,39.7111520585,,,,,0
600565.SH,600565,迪马股份,10002631,通用,2014-06-30 00:00:00,中报,2014中报,058001001,2014-08-26 00:00:00,2014-08-26 00:00:00,CNY,,1657380081.66,424468900.25,,5429735476.74,,,,,,,,,0,,,,,,,1679710940.67,,,,,,,0,,0,0.0,,,133675860.62,,,,,,,,,0,0.0,,,,,131071937.55,,,,,,,408205.66,,,,,97370108.84,116253688.89,,,,15247729894.51,5548407.47,,,0,,,,,,52811122.56,2442070000,,2700289.08,,,515804517.82,3235586470.81,,0,0.0,2886000000,0,0.0,2452846052.61,430048149.51,795465970.95,5579249.26,,,,4196896.37,,,,,,,245000000.0,465604149.19,449733444.46,0,0.0,,,,,,,,71046521.38,,,,,,,,1906439826,,,1336380000,861155.1,,5763254.69,,115022060.65,-340392763.31,19861927308.82,19438341377.04,12352189858.81,4821806294.91,19861927308.82,15040121013.91,423585931.78,2687931155.1,581857838.08,449733444.46,4306001777.09,,,,,,604828949.77,,,,109.6637713051,30.1000770477,,265.4254948662,,,,,,,,,,,,,,,,3094.3841172801,,,,,,,,,,,,,57.6464115367,,,,,,,,,,,,,,,,11.898757533,,,,,,0.0,,,,,-7.5570815645,325.3899519168,,,,126.3281803897,-33.2065175794,,,,,,,,,-75.3393085767,151.3431342681,,153.8329088746,,,-19.9893286734,144.077119721,,,,423.2621387388,,,20.2213435303,30.0189489138,-36.3515592969,24.1299609905,,,,126.5023701924,,,,,,,,79.4780456707,160.897949043,,,,,,,,,,-86.3480434516,,,,,,,,164.7833091667,,,-43.0940214614,,,9.4937386209,,83.1203891061,-1707.5395226775,106.4796066921,113.8891647286,83.2689618206,152.7438138044,106.4796066921,95.0341362225,-20.2695875836,176.647696921,102.9147047807,160.897949043,240.9035331702,,,,,,41.408036949,,,,,0
600565.SH,600565,迪马股份,10002631,通用,2014-03-31 00:00:00,一季报,2014一季报,058001001,2014-04-25 00:00:00,2014-04-25 00:00:00,CNY,,975818844.35,400660401.23,,1993119069.23,,,,,,,,,0,,,,,,,50490318.77,,,,,,,0,,0,,,,70332086.56,,,,,,,,,0,,,,,,112974156.64,,,,,,,408205.66,,,,,99323215.18,65703752.46,,,,9092689466.83,5623895.9,,,0,,,,,,43672161.77,2769570000,,728507.79,,,641840904.47,974869747.78,,0,,1196000000,0,,1355189813.36,402306604.25,379370969.01,1646203.02,,,,267705.23,,,,,,,245000000.0,346557903.04,288068327.41,0,,,,,,,,,92556379.32,,,,,,,,720000000,,,1344910000,883723.6,,5300253.22,,67015046.16,-89648420.69,11183820460.32,10850758230.82,6217132370.62,1951234366.1,11183820460.32,9232586094.22,333062229.5,3015453723.6,412261655.5,288068327.41,1309393461.63,,,,,,471888096.7,,,,36.2885433235,14.0599657016,,11.8801872987,,,,,,,,,,,,,,,,-3.9802215666,,,,,,,,,,,,,-15.2367715822,,,,,,,,,,,,,,,,0.430995043,,,,,,418.4214349686,,,,,-7.6690307541,152.9157301406,,,,34.210872278,-33.0954232815,,,,,,,,,-79.5035700866,234.0743617827,,-22.6469312731,,,0.6861811603,-35.1956327767,,,,298.6666666667,,,-32.5267990581,13.8802184246,-70.6480823611,-17.689849,,,,-93.9629283958,,,,,,,,12.6829459198,67.9519119689,,,,,,,,,,-20.1402367796,,,,,,,,0.0,,,-40.5300305107,,,2.7470435989,,6.691023091,-524.3373830776,18.3444833926,21.585597674,-7.3628284555,2.1628454846,18.3444833926,22.4432229292,-36.6618222104,263.7336403113,23.6056252021,67.9519119689,2.9026134853,,,,,,7.9678855349,,,,,0
600565.SH,600565,迪马股份,10002631,通用,2013-12-31 00:00:00,年报,2013年报,058001001,2014-03-12 00:00:00,2015-03-04 00:00:00,CNY,,1807945312.03,337385069.28,,5242265394.76,,,,,,,,,0,,,,,,,2014701871.13,,,,,,,0,,0,0.0,,,116566832.66,,,,,,,,,0,0.0,,,,,133711450.83,,,,,,,408205.66,,,,,101411849.25,172991466.56,,,,14924675259.1,5699384.33,,,0,,,,,,240966582.4,3888280000,,870891.55,,0.0,1372776981.67,3155049136.96,,0,0.0,656890000,0,0.0,2782229929.88,344462019.28,974284617.85,7076950.0,,0.0,,3600111.1,,,0.0,0.0,,,245000000.0,431446132.42,371947968.59,0,0.0,0.0,0.0,,,0.0,0.0,,79527045.32,,,,,,,,720000000,,,1525710000,883723.6,,23619043.71,,96786076.5,-215838326.04,19478896737.03,18879261540.35,10619313641.29,4725419372.14,19478896737.03,14753477364.89,599635196.68,4134163723.6,604437598.98,371947968.59,3352642390.47,,,,,,521154442.84,,,,21.9833632278,-3.2760236494,,30.7729085171,,,,,,,,,,,,,,,,-3.287870887,,,,,,,,,,,,,-25.2740688682,,,,,,,,,,,,,,,,-1.2048390233,,,,,,418.4214349686,,,,,-7.6262179442,310.4883228752,,,,36.1193792813,-32.9869162985,,,,,,,,,12.6741372125,494.2928760298,,-17.0615100247,,,-25.9940568189,72.6524895175,,,,-26.1498161868,,,29.2200941092,-1.8381295237,45.2055273551,236.9976190476,,,,-21.5251692514,,,,,,,,-57.3124307267,-81.4722021631,,,,,,,,,,-84.3916658762,,,,,,,,0.0,,,-31.0099978353,,,64.4676247883,,4.7194774408,-640.3470942473,19.5812585644,20.5239041057,2.4050553314,-10.249705881,19.5812585644,33.8283238824,-4.0469980636,531.8742604124,-42.5903171493,-81.4722021631,-1.6854698457,,,,,,1.2933498453,,,标准无保留意见,,0
600565.SH,600565,迪马股份,10002631,通用,2013-09-30 00:00:00,三季报,2013三季报,058001001,2013-10-25 00:00:00,2013-10-25 00:00:00,CNY,,1102216043.95,430032039.33,,1877098595.03,,,,,,,,,0,,,,,,,52583248.57,8469.32,,,,,,0,,0,,,,64950861.29,,,,,,,,,0,,,,,,115802781.95,,,,,,,408205.66,,,,,103139320.32,47651606.33,,,,8338903860.94,8207773.06,,,0,,,,,,230345233.54,2321170000,,980615.99,,,903002290.93,1594639871.47,,0,,651010000,0,,2033862166.58,435770918.22,931646122.63,5738878.89,,,,1007926.55,,,,,,,,339323106.26,132349754.88,0,,,,,,,,,92735827.66,,,,,,,,720000000,,,1721500000,,,3285593.64,,62812263.13,-55975213.92,11119251420.85,10595408159.72,6617755853.92,2180325566.93,11119251420.85,8938925853.92,523843261.13,2321170000.0,386974712.59,132349754.88,1277323276.0,,,,,,441927764.3,,,,326.1001077585,2.2780041122,,75.1725785204,,,,,,,,,,,,,,,,19.2056440439,,,,,,,,,,,,,137.791627148,,,,,,,,,,,,,,,,0.211188223,,,,,,-91.3284714391,,,,,-11.6563321092,81.921271748,,,,116.4970646207,-4.8824348982,,,,,,,,,-15.0814023302,625.365625,,72.8056381158,,,57.9043213871,13.7378941696,,,,15.245446016,,,78.098599751,0.2290821871,5.472010426,-59.9264036468,,,,102.3580912676,,,,,,,,69.3791917165,-16.4308197984,,,,,,,,,,147.0862084637,,,,,,,,0.0,,,29.6991757393,,,112.4889895134,,6.9172150123,-307.6071415927,72.9350871352,80.0425536514,51.7560648285,24.6655141149,72.9350871352,90.9706528898,-3.8429612427,625.365625,70.8294447162,-16.4308197984,8.5168493875,,,,,,24.7629983714,,,,,0
600565.SH,600565,迪马股份,10002631,通用,2013-06-30 00:00:00,中报,2013中报,058001001,2013-08-21 00:00:00,2013-08-21 00:00:00,CNY,,790494262.0,326263373.46,,1485866627.54,,,,,,,,,0,,,,,,,52583248.57,83760.68,,,,,,0,,0,,,,84794737.36,,,,,,,,,0,,,,,,117134399.38,,,,,,,408205.66,,,,,105329981.45,27328734.11,,,,6737000168.63,8306809.69,,,0,,,,,,214151021.37,971608000,,1063805.75,,,644669653.77,1325641041.04,,0,,551540000,0,,2040275029.86,330758057.27,1249780767.86,4494683.81,,,,1852914.99,654675.0,,,,,,,259421227.51,172379064.73,0,,,,,,,,,520412741.78,,,,,,,,720000000,,,2348400000,,,5263547.27,,62812263.13,21174767.93,9619316709.78,9088043988.44,6739924609.22,1907784100.56,9619316709.78,7711532609.22,531272721.34,971608000.0,286749961.62,172379064.73,1263114446.79,,,,,,427718935.09,,,,144.0355337804,-20.7475913102,,150.8311704284,,,,,,,,,,,,,,,,19.2056440439,,,,,,,,,,,,,198.2995698633,,,,,,,,,,,,,,,,-0.4342345781,,,,,,-91.3284714391,,,,,-11.4918061383,10.5895978065,,,,76.5825253931,-4.827034657,,,,,,,,,-20.8504692482,301.4909090909,,63.7488471993,,,17.5076161083,54.9159254168,,,,-13.1433070866,,,110.7656913728,-20.1075172976,94.0339804317,93.0961624587,,,,235.078156723,,,,,,,,-14.2232389531,8.8672664087,,,,,,,,,,1223.0131167366,,,,,,,,0.0,,,76.9303190858,,,40.2391776545,,6.9172150123,91.4897832565,64.9151486974,72.0190631089,73.7427121671,11.4599154783,64.9151486974,87.1160778301,-3.3570808018,301.4909090909,-16.090088476,8.8672664087,8.6070786901,,,,,,25.7430562977,,,,,0
600565.SH,600565,迪马股份,10002631,通用,2013-03-31 00:00:00,一季报,2013一季报,058001001,2013-04-25 00:00:00,2013-04-25 00:00:00,CNY,,715994771.5,351271718.14,,1781476343.0,,,,,,,,,,,,,,,,52583248.57,311965.81,,,,,,,,,,,,82974761.43,,,,,,,,,,,,,,,112489333.19,,,,,,,78740.12,,,,,107573023.43,25978515.62,,,,6774927628.81,8405846.32,,,,,,,,,213072042.08,829028000,,941795.59,,,637466727.88,1504327238.35,,,,300000000,,,2008486027.7,353271718.14,1292491256.2,2000000.0,,,,4434355.72,,,,,,,,307551333.71,171518337.62,,,,,,,,,,115898639.8,,,,,,,,720000000,,,2261494350.09,,,5158545.72,,62812263.13,21126684.63,9450225426.41,8924377918.44,6711271800.47,1909925625.94,9450225426.41,7540299800.47,525847507.97,829028000,333529849.33,171518337.62,1272458898.06,,,,,,437063386.36,,,,159.141857749,-12.0292053019,,71.6419989891,,,,,,,,,,,,,,,,19.2056440439,,,,,,,,,,,,,115.7956958509,,,,,,,,,,,,,,,,-5.6003863075,,,,,,-98.3273205975,,,,,-11.2044155973,18.089012791,,,,70.112410398,-4.7728775463,,,,,,,,,-20.6595888176,21.9158823529,,83.9637673674,,,27.7522917987,77.4516410104,,,,-2.2801302932,,,158.3617055594,-12.0025154543,157.9315471038,-7.0494660898,,,,835.6022885942,,,,,,,,24.5745804062,58.3923470611,,,,,,,,,,210.6391987383,,,,,,,,0,,,85.9017139408,,,59.2040336738,,6.9172150123,215.1292124979,59.1149075925,65.9458780105,86.0546077843,15.606342492,59.1149075925,75.8813419076,-6.3263388586,21.9158823529,17.6611630252,58.3923470611,10.35040196,,,,,,32.3440936212,,,,,0
600565.SH,600565,迪马股份,10002631,通用,2012-12-31 00:00:00,年报,2012年报,058001001,2013-03-19 00:00:00,2015-03-04 00:00:00,CNY,0.0,1482124499.76,348812240.78,,4008678444.34,,,,,,,,,0.0,0.0,0.0,0.0,,,,2083194620.58,311965.81,,,,,,0.0,0.0,0.0,0.0,,,155992479.31,,,,,,,,,0.0,0.0,,,,,135342105.33,0.0,,,,,,78740.12,,,,,109784234.22,42142847.17,,,,10964401496.61,8504882.95,,,0.0,,,0.0,0.0,,213861484.42,654270000,0.0,1050045.1,0.0,0.0,1854955051.8,1827398577.21,0.0,0.0,0.0,889490000,0.0,0.0,2153093873.72,350912240.78,670969373.96,2100000.0,0.0,0.0,,4587599.7,0.0,,0.0,0.0,0.0,,0.0,1010706722.74,2007513099.31,0.0,0.0,0.0,0.0,,,0.0,0.0,0.0,509516548.59,0.0,,0.0,0.0,0.0,0.0,0.0,720000000,0.0,,2211494350.09,0.0,0.0,14360907.65,0.0,92424140.06,39944385.44,16289255499.46,15664329562.2,10369911531.15,5265073968.31,16289255499.46,11024181531.15,624925937.26,654270000,1052849569.91,2007513099.31,3410118916.51,0.0,,0.0,,,514500155.87,0.0,,,313.7606845846,-5.8916400239,,295.909349685,,,,,,,,,,,,,,,,4622.5792085558,,,,,,,,,,,,,323.9098820699,,,,,,,,,,,,,,,,11.071184563,,,,,,-98.3273205975,,,,,-11.0361625514,55.0015810215,,,,176.9323846329,-4.4505696935,,,,,,,,,-20.4409757509,-20.9245830312,,112.9616739805,,,272.3520232464,133.4129559341,,,,97.6644444444,,,211.799488196,-7.3881885555,101.8986335989,-74.5670126553,,,,867.9351521384,,,,,,,,502.4272452545,1537.4812682287,,,,,,,,,,1096.6480818209,,,,,,,,0,,,116.4947968762,,,190.6610152864,,57.3216942473,439.7622824549,178.3699124355,196.2972286401,207.0479754704,219.6835089672,178.3699124355,162.187513755,10.6135068791,-20.9245830312,402.4406096154,1537.4812682287,196.8438667506,,,,,,57.8549486715,,,标准无保留意见,,0
600565.SH,600565,迪马股份,10002631,通用,2012-09-30 00:00:00,三季报,2012三季报,058001001,2012-10-24 00:00:00,2012-10-24 00:00:00,CNY,,258675373.2,420454078.14,,1071571024.92,,,,,,,,,,,,,,,,44111374.92,,,,,,,,0.0,,0.0,,,27314191.87,,,,,,,,,,,,,,,115558735.51,,,,,,,4707424.5,,,,,116747835.79,26193531.89,,,,3851739918.76,8629082.39,,,,,,,,,271254165.59,320000000,,567467.59,,,571866737.4,1402030416.61,,,,564890000,,,1141986612.71,434774926.31,883311239.51,14320848.17,,,,498090.56,,,,,,,,200333407.44,158371488.82,,,,,,,,,,37531770.08,,,,,,,,720000000,,,1327302190.0,,,1546241.83,,58748502.87,26962084.97,6429725514.38,5884946611.14,4360785093.76,1748940420.62,6429725514.38,4680785093.76,544778903.24,320000000,226526939.33,158371488.82,1177073683.22,,,,,,354213805.43,,,,-2.0915817083,-6.498012919,,-9.4762137197,,,,,,,,,,,,,,,,0.0,,,,,,,,,,,,,-25.315703464,,,,,,,,,,,,,,,,49.5777947487,,,,,,0.0,,,,,-7.435355024,180.3329239319,,,,-0.3925898141,-4.1220109483,,,,,,,,,5.1245053717,-23.2613908873,,85.656480038,,,14.6889873084,201.0477488723,,,,1.9657039711,,,101.9944078947,-3.4452916506,193.3086258562,2229.595871589,,,,-60.04971094,,,,,,,,-23.3828698792,17.6466793893,,,,,,,,,,-29.8478322422,,,,,,,,0,,,30.4473896806,,,-60.3844271435,,3.4592284356,131.035152095,16.4193416448,18.3548503447,24.0559148425,9.9461638482,16.4193416448,19.0380033771,-1.0592525828,-23.2613908873,-18.3831153738,17.6466793893,7.7807171556,,,,,,30.6074722291,,,,,0
600565.SH,600565,迪马股份,10002631,通用,2012-06-30 00:00:00,中报,2012中报,058001001,2012-08-25 00:00:00,2012-08-25 00:00:00,CNY,,323925884.79,411676287.01,,592377185.42,,,,,,,,,,,,,,,,44111374.92,,,,,,,,0.0,,0.0,,,28426034.07,,,,,,,14586000.0,,,,,,,,117645255.76,,,,,,,4707424.5,,,,,119005909.91,24711848.72,,,,3815213398.74,8728119.02,,,,,,,,,270565118.12,242000000,,649656.94,,,548619464.1,855716439.4,,,,635000000,,,968029956.19,414003978.95,644104071.4,2327691.94,,,,552979.94,,,,,,,,302437658.34,158338746.27,,,,,,,,,,39335418.16,,,,,,,,720000000,,,1327302190.0,,,3753264.5,,58748502.87,11057910.02,5832888479.78,5283160961.46,3879256013.19,1711632466.59,5832888479.78,4121256013.19,549727518.32,242000000,341735507.06,158338746.27,1163013002.49,,,,,,340153124.7,,,,17.7134893771,11.2190223531,,-36.1509480742,,,,,,,,,,,,,,,,0.0,,,,,,,,,,,,,-14.1339487227,,,,,,,116.6666666667,,,,,,,,,51.5972616079,,,,,,0.0,,,,,-6.9100220711,57.5664174379,,,,3.3816386986,-4.077146077,,,,,,,,,5.7368001688,-26.6401783291,,189.162656385,,,9.490810624,3.6241393851,,,,-26.9106813996,,,26.5232868338,11.5691102119,31.4716481935,151.6837405361,,,,-72.1189543545,,,,,,,,114.3452491659,26.0385357344,,,,,,,,,,-41.9040807244,,,,,,,,0,,,25.5132094563,,,-31.6034990678,,3.4592284356,115.1379963736,3.6279489475,3.9460742673,4.4177238409,8.0801119523,3.6279489475,1.8848746146,0.6670482407,-26.6401783291,108.9948749868,26.0385357344,7.4271957186,,,,,,29.9732151045,,,,,0
600565.SH,600565,迪马股份,10002631,通用,2012-03-31 00:00:00,一季报,2012一季报,058001001,2012-04-27 00:00:00,2012-04-27 00:00:00,CNY,,276294527.53,399304927.67,,1037902351.11,,,,,,,,,,,,,,,,44111374.92,,,,,,,,0.0,,0.0,,,38450610.01,,,,,,,14586000.0,,,,,,,,119162916.87,,,,,,,4707424.5,,,,,121146816.2,21999096.28,,,,3982618089.39,8827155.65,,,,,,,,,268554244.81,680000000,,511946.24,,,498986530.03,847739265.63,,,,307000000,,,777393082.83,401456609.77,501098555.3,2151682.1,,,,473957.34,,,,,,,,246881292.08,108287010.58,,,,,,,,,,37309727.9,,,,,,,,720000000,,,1216500000.0,,,3240210.44,,58748502.87,-18350411.83,5939245774.89,5377884660.61,3607151620.91,1652094153.98,5939245774.89,4287151620.91,561361114.28,680000000,283466388.36,108287010.58,1153107623.95,,,,,,330247746.16,,,,154.1907325102,16.6561136811,,19.2593841717,,,,,,,,,,,,,,,,0.0,,,,,,,,,,,,,26.2745125573,,,,,,,116.6666666667,,,,,,,,,55.1376306606,,,,,,0.0,,,,,21.2632015043,77.1841707791,,,,14.3159863216,-23.0909215343,,,,,,,,,2.0649896446,-12.4439815306,,,,,15.0457236017,-35.1966435818,,,,-70.1303755594,,,41.04655127,16.9464830046,13.251596237,117.3416262626,,,,,,,,,,,,74.948920152,-13.1209334969,,,,,,,,,,1.1107614684,,,,,,,,0,,,35.5431754875,,,-41.1648646696,,3.4592284356,-343.7208049449,2.0465287056,1.5296132537,2.474406756,8.7259578798,2.0465287056,-0.3134528642,7.2790481673,-12.8853841711,76.8744699572,-13.1209334969,6.2014318687,,,,,,24.6789543989,,,,,0
600565.SH,600565,迪马股份,10002631,通用,2011-12-31 00:00:00,年报,2011年报,058001001,2012-03-06 00:00:00,2013-03-19 00:00:00,CNY,0.0,358208151.47,370649579.77,,1012524318.39,,,,,,,,,0.0,0.0,,,,,,44111374.92,,,,,,,0.0,0,0.0,0,,,36798500.32,,,,,,,14586000,,0.0,,,,,,121851680.85,,,,,,,4707424.5,,,,,123403213.45,27188656.33,,,,3959234132.6,8901029.47,,,0.0,,,0.0,,,268808581.35,827400000.0,,493067.64,,,498172411.05,782903660.98,,0.0,0.0,450000000,0.0,0.0,690537975.6,378906572.83,332329824.13,8256993.06,,,,473957.34,,,,,,,,167772412.47,122597622.23,0.0,0.0,,,,,,,,42578645.83,,,,,,,,720000000,,,1021500000,,,4940775.3,,58748502.87,-11756568.49,5851658089.39,5286694591.81,3377293569.6,1646964519.79,5851658089.39,4204693569.6,564963497.58,827400000.0,209547068.8,122597622.23,1148792108.74,,,,,,325932230.95,,,,17.7756666655,54.4285485238,,47.226075944,,,,,,,,,,,,,,,,0.0,,,,,,,,,,,,,43.2753798116,,,,,,,116.6666666667,,,,,,,,,57.6317640238,,,,,,0.0,,,,,20.6968949392,-0.1967576655,,,,18.4022400148,-23.244104741,,,,,,,,,3.4565678081,26.6637359795,,,,,14.4673821814,-16.3610638149,,,,-56.2171628722,,,22.2639327418,-26.4501970182,27.501183732,-96.9991640786,,,,,,,,,,,,17.8022016817,15.6865894896,,,,,,,,,,31.1492938924,,,,,,,,0,,,31.1296534018,,,-28.7145736492,,3.4592284356,-137.9037667126,7.4036446282,7.1581101522,3.1654239237,8.5344818002,7.4036446282,6.967096191,9.7569777557,25.9052502276,18.7955704287,15.6865894896,6.1486597436,,,,,,24.7096962005,,,标准无保留意见,,0
600565.SH,600565,迪马股份,10002631,通用,2011-09-30 00:00:00,三季报,2011三季报,058001001,2011-10-27 00:00:00,2011-10-27 00:00:00,CNY,,264201360.53,449673949.47,,1183745255.2,,,,,,,,,,,,,,,,44111374.92,38611571.55,,,,,,,0,,0,,,36572871.59,,,,,,,6732000,,,,,,,,77256611.32,,,,,,,4707424.5,,,,,126125731.72,9343723.0,,,,3866921056.95,9000066.1,,,,,,,,,258031335.92,417000000.0,,305654.61,,,498623931.4,465716957.48,,,,554000000,,,565355558.41,450288684.77,301154197.88,614735.3,,,,1246775.86,,,,,,,,261473389.99,134616199.66,,,,,,,,,,53500513.64,,,,,,,,720000000,,,1017500000,,,3903116.17,,56784207.42,-86875955.65,5522901455.67,4972290188.36,3515177087.12,1590724368.55,5522901455.67,3932177087.12,550611267.31,417000000.0,277549112.99,134616199.66,1092100437.15,,,,,,271204854.81,,,,101.2300786714,59.6005674495,,24.5446468302,,,,,,,,,,,,,,,,-0.0025651456,37.3534171239,,,,,,,,,,,,142.3447557604,,,,,,,,,,,,,,,,-0.6113704819,,,,,,25.2307661612,,,,,7.1887910829,200.0766271466,,,,30.4483069327,-23.1793934627,,,,,,,,,-33.9602101157,-57.6649746193,,587.9252429083,,,132.0572108259,-57.2109852412,,,,-4.974271012,,,47.9956213236,58.339602703,20.1180812365,-76.6437955927,,,,,,,,,,,,-33.5021423471,-55.26564653,,,,,,,,,,46.5354830985,,,,,,,,0,,,26.5547263682,,,25410.2130624351,,3.448524886,-153.2785038036,3.8258055954,6.3693732089,14.0735298138,27.5653355743,3.8258055954,-3.4433426968,-14.6128962493,-57.9171640246,-29.9683454545,-55.26564653,5.8117068116,,,,,,27.2586754266,,,,,0
600565.SH,600565,迪马股份,10002631,通用,2011-06-30 00:00:00,中报,2011中报,058001001,2011-08-27 00:00:00,2011-08-27 00:00:00,CNY,,275181618.1,370149169.0,,927777574.69,,,,,,,,,,,,,,,,44111374.92,37619631.38,,,,,,,0,,0,,,33105090.6,,,,,,,6732000,,,,,,,,77603813.23,,,,,,,4707424.5,,,,,127839658.53,15683449.0,,,,3690416834.91,9099102.73,,,,,,,,,255885479.5,329880845.52,,224668.34,,,501064391.59,825788705.68,,,,868800000,,,765100228.12,371074016.96,489918610.02,924847.96,,,,1983354.38,,,,,,,,141098372.61,125627249.91,,,,,,,,,,67707712.78,,,,,,,,720000000,,,1057500000,,,5487509.52,,56784207.42,-73047381.88,5628682743.43,5082597874.62,3715131752.06,1583670145.85,5628682743.43,4045012597.58,546084868.81,329880845.52,163513821.61,125627249.91,1082605754.26,,,,,,261710171.92,,,,38.2562338773,42.7577505454,,7.3549806121,,,,,,,,,,,,,,,,-0.0025651456,916.0931989693,,,,,,,,,,,,124.8423409718,,,,,,,,,,,,,,,,-1.6702369431,,,,,,25.2307661612,,,,,21.6933864572,25.9349382686,,,,30.1403155665,-23.1159851843,,,,,,,,,-21.0193513507,-57.1583317506,,-27.759229866,,,132.5689833433,-2.6354363099,,,,27.0175438596,,,93.9039221258,43.1144424562,150.5470422908,,,,,,,,,,,,,-26.5136129709,-13.271330624,,,,,,,,,,6.8317011811,,,,,,,,0,,,94.3933823529,,,227.1860806894,,3.448524886,-247.4906908236,19.9208566854,22.4316440212,39.0441878898,27.1151771125,19.9208566854,17.3212133544,0.700052563,-57.4842563373,-20.026400051,-13.271330624,5.0658536693,,,,,,23.7967661995,,,,,0
600565.SH,600565,迪马股份,10002631,通用,2011-03-31 00:00:00,一季报,2011一季报,058001001,2011-04-22 00:00:00,2011-04-22 00:00:00,CNY,,108695751.73,342292328.34,,870289879.76,,,,,,,,,,,,,,,,44111374.92,36801121.38,,,,,,,0,,0,,,30450016.58,3935200.0,,,,,,6732000,,,,,,,,76811097.58,,,,,,,4707424.5,,,,,99904022.57,12415949.0,,,,3483868020.16,11477391.0,,,,,,,,,263120826.98,776645640.0,,,,,433728881.36,1308171848.63,,,,1027800000,,,551160645.78,343282328.34,442464894.05,990000.0,,,,,,,,,,,,141116213.73,124641084.37,,,,,,,,,,36899858.49,,,,,,,,720000000,,,897500000,,,5507271.16,,56784207.42,7529275.9,5820135040.58,5296863139.99,3520051235.33,1519502965.25,5820135040.58,4300632075.33,523271900.59,780580840.0,160264162.73,124641084.37,1085774083.89,,,,,,264878501.55,,,,-43.393575762,35.8778392526,,43.5307413171,,,,,,,,,,,,,,,,-0.0025651456,9900.3047228261,,,,,,,,,,,,233.925424424,-42.8571428571,,,,,,,,,,,,,,,-35.3185203906,,,,,,25.2307661612,,,,,46.868184376,529.0095183625,,,,36.9449025332,-3.9869783574,,,,,,,,,-18.1032171574,-26.938321731,,,,,99.9236169047,42.8568036404,,,,825.9459459459,,,20.0590101341,36.0906667576,65.6832961981,196.8515742129,,,,,,,,,,,,-68.0110944087,38.6687122039,,,,,,,,,,-46.9898851292,,,,,,,,0,,,109.2074592075,,,183.888717741,,3.448524886,-72.203448906,32.1322790713,36.8184648916,69.431931757,20.8513890726,32.1322790713,36.6387316147,-1.8851143112,-27.0407873133,-63.8323770275,38.6687122039,4.3627680846,,,,,,19.6483918468,,,,,0
600565.SH,600565,迪马股份,10002631,通用,2010-12-31 00:00:00,年报,2010年报,058001001,2011-03-15 00:00:00,2012-03-06 00:00:00,CNY,,304144448.18,240013639.52,,687734364.92,,,,,,,,,,,,,,,,44111374.92,33381480.0,,,,,,,0,,0,,,25683756.95,3935200.0,,,,,,6732000,,,,,,,,77301476.39,,,,,,,4707424.5,,,,,102242243.69,27242257.56,,,,3343884484.03,11596541.79,,,,,,,,,259827468.71,653225640.0,,,,,435209053.93,936051672.45,,,,1027800000,,,564792870.73,515170071.8,260648422.55,275156432.28,,,,,,,,,,,,142418740.97,105973927.29,,,,,,,,,,32465783.51,,,,,,,,720000000,,,779000000,,,6930975.31,,56784207.42,31016887.0,5448286331.11,4933545939.08,3273668096.49,1517457394.62,5448286331.11,3930828936.49,514740392.03,657160840.0,176392998.53,105973927.29,1082248340.69,,,,,,261352758.35,,,,51.061147884,20.4899667363,,26.2450180679,,,,,,,,,,,,,,,,-0.9102243474,9224.4357541899,,,,,,,,,,,,272.6431295993,-50.0,,,,,,,,,,,,,,,-28.8986393536,,,,,,,,,,,222.6131433769,294.3232167254,,,,32.7277393352,-3.9476305633,,,,,,,,,-18.8257739921,-31.6566603892,,,,,116.9970575793,76.7478830928,,,,,,,57.1592540158,157.7647887812,64.9281963911,41433.0463818868,,,,,,,,,,,,-45.4376805708,-55.9147513618,,,,,,,,,,108.4011256511,,,,,,,,0,,,32.3972226355,,,383.3132294954,,3.448524886,23.4840440063,36.7233377046,40.7663533741,83.1935370161,22.9478596009,36.7233377046,42.9044081875,7.2102951742,-31.8064724204,-34.1642585733,-55.9147513618,4.6997496982,,,,,,21.9788800001,,,标准无保留意见,,0
600565.SH,600565,迪马股份,10002631,通用,2010-09-30 00:00:00,三季报,2010三季报,058001001,2010-10-29 00:00:00,2010-10-29 00:00:00,CNY,,131293175.59,281749593.16,,950458558.7,,,,,,,,,,,,,,,,44112506.47,28111111,,,,,,,0,,0,,,15091257.69,5902800,,,,,,,,,,,,,,77731840.85,,,,,,,3759000.0,,,,,117666903.83,3113779.0,,,,2964332115.82,11715692.58,,,,,,,,,390721012.85,985000000,,44431.37,,,214871121.49,1088403086.88,,,,583000000.0,,,382008300.89,284381593.16,250715125.3,2632000.0,,,,,,,,,,,,393205735.07,300923539.11,,,,,,,,,,36510278.95,,,,,,,,720000000,,,804000000.0,,,15300.21,,54891268.37,-34300564.14,5319391864.09,4674550613.92,3081501109.73,1246987954.36,5319391864.09,4072403909.73,644841250.17,990902800,396319514.07,300923539.11,1032116832.87,,,,,,213113058.03,,,,14.7232709793,48.7412818082,,85.5783441963,,,,,,,,,,,,,,,,-3.9818574122,3840.9333376325,,,,,,,,,,,,144.6420542428,-50.0,,,,,,,,,,,,,,,-29.2682252688,,,,,,,,,,,267.662194207,,,,,16.5319409179,-3.9090518321,,,,,,,,,758.4421146126,-0.3036437247,,-91.6854723332,,,7.9218044802,46.2889455288,,,,,,,34.5477666856,50.13076759,47.9347406857,,,,,,,,,,,,,-4.5522710979,59.4691405957,,,,,,,,,,-69.4322435303,,,,,,,,0,,,46.4480874317,,,-98.8453587917,,19.5163001172,-890.714050717,33.2381590238,23.4899535594,74.8168323692,1.390585339,33.2381590238,47.4168905711,211.4805843906,-0.8904531041,-3.7964247118,59.4691405957,0.1290645668,,,,,,-2.6510983052,,,,,0
600565.SH,600565,迪马股份,10002631,通用,2010-06-30 00:00:00,中报,2010中报,058001001,2010-08-17 00:00:00,2010-08-17 00:00:00,CNY,,199037403.51,259284814.72,,864214747.56,,,,,,,,,,,,,,,,44112506.47,3702380,,,,,,,0,,0,,,14723690.59,5902800,,,,,,,,,,,,,,78921997.59,,,,,,,3759000.0,,,,,105050621.28,12453612.33,,,,2835721443.31,11834843.37,,,,,,,,,323985031.62,770000000,,310999.37,,,215447642.41,848140919.43,,,,684000000.0,,,394576973.86,259284814.72,195539570.35,,,,,,,,,,,,,192006136.53,144850890.5,,,,,,,,,,63377922.5,,,,,,,,720000000,,,544000000.0,,,1677183.06,,54891268.37,-21021392.46,4693664554.28,4151375990.46,2671907260.88,1245854493.4,4693664554.28,3447810060.88,542288563.82,775902800,204459748.86,144850890.5,1030406850.99,,,,,,211403076.15,,,,165.4557725369,17.1045065124,,146.8534003443,,,,,,,,,,,,,,,,-3.9818574122,419.0414840091,,,,,,,,,,,,138.6834805929,-50.0,,,,,,,,,,,,,,,-27.9736171595,,,,,,,,,,,12995.2806084511,,,,,38.8278270173,-3.8712198346,,,,,,,,,723.9366492614,1.5831134565,,-59.5180131994,,,0.3707572124,-19.2741355415,,,,,,,84.0649432163,15.7970298243,40.2835107572,,,,,,,,,,,,,-63.8638497232,-12.1447498986,,,,,,,,,,-9.959507584,,,,,,,,0,,,-9.1819699499,,,74.2812498831,,19.5163001172,-207.9746606647,26.1027282766,16.859956084,55.7752069588,0.7111080002,26.1027282766,38.7427342773,219.6339695382,0.7920441213,-61.5200412659,-12.1447498986,0.7825638799,,,,,,0.4117584865,,,,,0
600565.SH,600565,迪马股份,10002631,通用,2010-03-31 00:00:00,一季报,2010一季报,058001001,2010-04-23 00:00:00,2010-04-23 00:00:00,CNY,,192020169.43,251911813.01,,606343889.66,,,,,,,,,,,,,,,,44112506.47,368000,,,,,,,0,,0,,,9118807.48,6886600,,,,,,,,,,,,,,118752845.55,,,,,,,3759000.0,,,,,68022916.6,1973888.89,,,,2543992478.52,11953994.16,,,,,,,,,321283471.52,1063000000,,66664.37,,,216947296.21,915722468.44,,,,111000000.0,,,459074787.61,252245313.01,267054618.18,333500.0,,,,,,,,,,,,441141111.65,89884071.46,,,,,,,,,,69609089.85,,,,,,,,720000000,,,429000000.0,,,1939940.13,,54891268.37,27087086.72,4404779120.96,3871453421.28,2077560704.66,1257331816.3,4404779120.96,3147447304.66,533325699.68,1069886600,443115000.54,89884071.46,1040384520.09,,,,,,221380745.25,,,,52.8183365496,4.086457162,,325.5517212881,,,,,,,,,,,,,,,,-87.9454872287,493.5483870968,,,,,,,,,,,,48.0314280198,-41.6666666667,,,,,,,,,,,,,,,7.2329994928,,,,,,,,,,,8123.644600007,,,,,48.187670451,-3.834113098,,,,,,,,,736.510314181,92.5724637681,,-93.3475356366,,,-0.6037564485,9.531715886,,,,30.5882352941,,,49.8203059885,4.2242547232,47.7363208247,,,,,,,,,,,,,209.1471164233,-42.8491977713,,,,,,,,,,49.5626056493,,,,,,,,80,,,-30.6946688207,,,83.4416165563,,19.5163001172,-48.2418479285,39.0291218102,29.1082784439,54.0087474026,0.1500754483,39.0291218102,64.5470813184,214.4009953652,89.761612868,210.5303972882,-42.8491977713,0.3087121066,,,,,,-1.745204083,,,,,0
600565.SH,600565,迪马股份,10002631,通用,2009-12-31 00:00:00,年报,2009年报,058001001,2011-03-15 00:00:00,2011-03-15 00:00:00,CNY,,201338631.7,199198029.53,,544761587.78,,,,,,,,,,,,,,,,44516575.63,358000,,,,,,,0,,0,,,6892320.0,7870400,,,,,,,,,,,,,,108720108.43,,,,,,,,,,,,31691902.76,6908611.11,,,,2519356165.32,12073144.95,,,,,,,,,320086167.11,955800000,,300523.37,,,200559887.21,529597105.25,,,,,,,359376146.36,199860529.53,158037514.66,662500.0,,,,,,,,,,,,261020320.36,240384098.0,,,,,,,,,,15578506.79,,,,,,,,720000000,,,588380922.57,,,1434054.54,,54891268.37,25118133.48,3984898571.51,3504776404.89,1786999776.2,1234228395.31,3984898571.51,2750670176.2,480122166.62,963670400,267928931.47,240384098.0,1033668508.1,,,,,,214260664.1,,,,37.1172011978,38.8717052544,,253.5244024893,,,,,,,,,,,,,,,,-87.8350682741,477.4193548387,,,,,,,,,,,,11.7303380497,-33.3333333333,,,,,,,,,,,,,,,-3.3915170564,,,,,,,,,,,3458.7302004741,,,,,42.8874924505,-3.7977109646,,,,,,,,,826.0617821544,79.3245778612,,-75.6850122023,,,-11.3738475743,-43.4899833683,,,,,,,-9.1819668778,39.3335697866,-36.4987890882,,,,,,,,,,,,,10.6310872583,41.4898560967,,,,,,,,,,-62.620053943,,,,,,,,80,,,32.4086669544,,,14.1470739618,,19.5163001172,-55.5114339769,23.6253076455,14.7091158826,24.2848735236,-0.5245543036,23.6253076455,38.7383656071,185.7733873319,76.8833506851,13.5592392025,41.4898560967,1.8956840227,,,,,,5.7720741126,,,标准无保留意见,,0
600565.SH,600565,迪马股份,10002631,通用,2009-09-30 00:00:00,三季报,2009三季报,058001001,2009-10-24 00:00:00,2009-10-24 00:00:00,CNY,,114443368.35,189422593.2,,512160275.39,,,,,,,,,,,,,,,,45941845.24,713311,,,,,,,0,,0,,,6168709.52,11805600,,,,,,,,,,,,,,109896635.77,,,,,,,,,,,,32004080.29,,,,,2543793652.17,12192295.74,,,,,,,,,45515126.32,988000000,,534382.37,,,199098896.21,744009113.57,,,,,,,283920209.38,189422593.2,169476841.03,,,,,,,,,,,,,411959236.32,188703305.22,,,,,,,,,,119440492.75,,,,,,,,720000000,,,549000000.0,,,1325105.14,,45927851.11,4337922.68,3992393697.92,3785369156.91,1762702748.91,1229885349.01,3992393697.92,2762508348.91,207024541.01,999805600,411959236.32,188703305.22,1030786452.8,,,,,,218916756.45,,,,-32.521086655,19.6530904924,,180.6463341405,,,,,,,,,,,,,,,,-87.4455884627,,,,,,,,,,,,,-8.7256894411,,,,,,,,,,,,,,,,-3.9731046052,,,,,,,,,,,3267.3738393524,,,,,48.1407673032,-3.7619935542,,,,,,,,,43.2282739253,85.3658536585,,-63.6429656271,,,-9.8047563664,-10.1830742209,,,,,,,17.3309820904,19.6530904924,134.1371112559,,,,,,,,,,,,,114.1437161762,3.5321512062,,,,,,,,,,309.4123214755,,,,,,,,80,,,-2.0517395183,,,6.3448343596,,24.0013429912,-88.8873421605,29.4833404883,29.8468441631,28.8871675233,3.9901849597,29.4833404883,45.3467935964,23.1781599303,87.5807879925,114.1437161762,3.5321512062,7.1557545899,,,,,,37.7081554771,,,,,0
600565.SH,600565,迪马股份,10002631,通用,2009-06-30 00:00:00,中报,2009中报,058001001,2009-08-20 00:00:00,2009-08-20 00:00:00,CNY,,74979497.19,221413182.5,,350092300.27,,,,,,,,,,,,,,,,45941845.24,713311.0,,,,,,,0,,0,,,6168709.52,11805600.0,,,,,,,,,,,,,,109573734.62,,,,,,,,,,,,802202.14,,,,,2042617466.71,12311446.53,,,,,,,,,39321594.92,758000000,,768241.37,,,214651805.36,1050643341.04,,,,,,,214368345.74,223913182.5,139388848.55,2500000.0,,,,,,,,,,,,531340873.5,164874484.26,,,,,,,,,,70388245.11,,,,,,,,720000000,,,599000000.0,,,962342.8,,45927851.11,19468820.12,3722095959.72,3552436719.62,1715232682.43,1237057677.29,3722095959.72,2485038282.43,169659240.1,769805600,531340873.5,164874484.26,1022405871.93,,,,,,210536175.58,,,,-44.7167614452,17.5359841795,,365.5752537647,,,,,,,,,,,,,,,,-87.4455884627,475.2508064516,,,,,,,,,,,,-21.8597526991,,,,,,,,,,,,,,,,-3.371666121,,,,,,,,,,,-18.2312635702,,,,,59.0720928669,-3.7269417273,,,,,,,,,26.2981461618,89.5,,-54.9068747682,,,-3.5312122659,19.4734376557,,,,,,,2.6465205349,18.8630955879,90.3870346801,,,,,,,,,,,,,74.9970421007,-6.5808040486,,,,,,,,,,114.6795659178,,,,,,,,80,,,77.2189349112,,,-23.7212277624,,24.0013429912,-71.3143421526,36.3826982784,38.7056556749,49.8285985709,4.44955716,36.3826982784,60.86508112,0.9742711644,92.4514,74.9970421007,-6.5808040486,6.2957845721,,,,,,32.5211712666,,,,,0
600565.SH,600565,迪马股份,10002631,通用,2009-03-31 00:00:00,一季报,2009一季报,058001001,2009-04-22 00:00:00,2009-04-22 00:00:00,CNY,,125652571.39,242021699.92,,142484182.14,,,,,,,,,,,,,,,,365941845.24,62000.0,,,,,,,0,,0,,,6160048.31,11805600.0,,,,,,,,,,,,,,110742818.08,,,,,,,,,,,,827162.65,,,,,1716736939.57,12430597.32,,,,,,,,,38407592.36,552000000,,1002100.37,,,218265085.74,836034075.64,,,,85000000.0,,,306416933.66,242021699.92,180764362.27,,,,,,,,,,,,,142696175.45,157275257.66,,,,,,,,,,46541773.96,,,,,,,,400000000,,,619000000.0,,,1057524.55,,45927851.11,52333952.5,3168242065.84,2998609746.75,1348988768.3,1255447697.54,3168242065.84,1912794368.3,169632319.09,563805600,142696175.45,157275257.66,1037182611.8,,,,,,225312915.45,,,,26.32668531,20.8547614431,,-54.0226104631,,,,,,,,,,,,,,,,-2.7e-09,-50.0,,,,,,,,,,,,-41.3861211001,,,,,,,,,,,,,,,,-0.9642270175,,,,,,,,,,,-21.503611367,,,,,19.6185368476,-9.6364762456,,,,,,,,,52.8180160682,213.6363636364,,-48.2796614548,,,-16.5657960738,67.0287811445,,,,,,,89.1032354219,20.8547614431,188.8971887469,,,,,,,,,,,,,-50.816282647,-2.8702572997,,,,,,,,,,105.4158413987,,,,,,,,0,,,112.3499142367,,,-0.7547298541,,24.0013429912,-16.5135028483,27.4006272902,29.2199088206,19.8078987631,5.9562045508,27.4006272902,46.9165468345,2.0122868862,220.3440909091,-52.2389941545,-2.8702572997,12.3376212764,,,,,,87.3039184411,,,,,0
600565.SH,600565,迪马股份,10002631,通用,2008-12-31 00:00:00,年报,2008年报,058001001,2010-03-16 00:00:00,2010-03-16 00:00:00,CNY,,146836888.4,143440328.01,,154094479.46,,,,,,,,,,,,,,,,365941845.24,62000.0,,,,,,,0,,0,,,6168709.52,11805600.0,,,,,,,,,,,,,,112536813.66,,,,,,,,,,,,890539.63,,,,,1763174734.27,12549748.11,,,,,,,,,34564234.62,533000000,,1235959.37,,,226298763.65,937173861.94,,,,150000000.0,,,395710118.36,143440328.01,248873229.96,,,,,,,,,,,,,235937589.36,169894934.26,,,,,,,,,,41676108.27,,,,,,,,400000000,,,444367378.74,,,1256321.77,,45927851.11,56459750.73,3223367971.66,3055359966.75,1437825638.42,1240736733.24,3223367971.66,1982631238.42,168008004.91,544805600,235937589.36,169894934.26,1014437969.59,,,,,,202568273.24,,,,324.7699290685,-10.199096781,,-54.9671992415,,,,,,,,,,,,,,,,-35.3393200524,,,,,,,,,,,,,-41.303708198,-25.0,,,,,,,,,,,,,,,-3.3879440009,,,,,,,,,,,-18.1433530774,,,,,33.7906960062,-3.6587617678,,,,,,,,,37.5258754059,202.8409090909,,-43.0799481718,,,-13.2267366828,39.7567175485,,,,,,,150.5773514135,-10.199096781,101.7605677857,,,,,,,,,,,,,-39.5086686923,3.6446727799,,,,,,,,,,-47.4419345557,,,,,,,,100,,,78.3891524448,,,-19.5359142786,,24.0013429912,31.548695734,25.9229239615,27.7653905979,21.4668963656,4.7622671665,25.9229239615,44.1432555833,-0.2394738807,184.1365009429,-39.5086686923,3.6446727799,9.8420665919,,,,,,68.0196023954,,,标准无保留意见,,0
600565.SH,600565,迪马股份,10002631,通用,2008-09-30 00:00:00,三季报,2008三季报,058001001,2008-10-28 00:00:00,2008-10-28 00:00:00,CNY,,169598712.66,158309820.85,,182493128.57,,,,,,,,,,,,,,,,365941845.25,,,,,,,,0,,0,,,6758429.05,,,,,,,,,,,,,,,114443599.7,,,,,,,,,,,,950416.61,,,,,1717146264.65,12668898.9,,,,,,,,,31778031.72,533000000,,1469818.37,,,220742123.63,828361811.67,,,,150000000.0,,,241982300.26,158309820.85,72383587.6,,,,,,,,,,,,,192375122.5,182265415.16,,,,,,,,,,29173643.9,,,,,,,,400000000,,,560500000.0,,,1246045.61,,37038188.46,39035870.11,3083326150.58,2915256956.23,1367632467.05,1182693683.53,3083326150.58,1900632467.05,168069194.35,533000000,192375122.5,182265415.16,961951559.9,,,,,,158971526.19,,,,191.2079005894,12.9899481792,,-49.9346960732,,,,,,,,,,,,,,,,151.1856132827,,,,,,,,,,,,,4173.5577721394,,,,,,,,,,,,,,,,-1.5673117865,,,,,,,,,,,-17.6075464967,,,,,104.5978323265,66.9905770165,,,,,,,,,43.8814784943,202.8409090909,,,,,42.2037166335,131.0411839501,,,,,,,137.4796287673,12.9093617515,65.80334812,,,,,,,,,,,,,35.7897019957,11.9523262737,,,,,,,,,,-58.5476385587,,,,,,,,150,,,100.8240773916,,,-48.124256775,,15.5890633445,-23.7386684962,79.4055617283,85.5424264566,45.3742700018,96.5037904456,79.4055617283,70.1906733215,14.0017022419,202.8409090909,35.7897019957,11.9523262737,115.3758115096,,,,,,45.9662182928,,,,,0
600565.SH,600565,迪马股份,10002631,通用,2008-06-30 00:00:00,中报,2008中报,058001001,2008-08-16 00:00:00,2008-08-16 00:00:00,CNY,,135627903.05,188379060.29,,75195641.83,,,,,,,,,,,,,,,,365941845.25,124000.0,,,,,,,0,,0,,,7894407.47,,,,,,,,,,,,,,,113397106.44,,,,,,,,,,,,981062.17,,,,,1284082851.93,12788049.69,,,,,,,,,31133944.65,400000000,,1703677.37,,,222509073.04,879394919.62,,,,150000000.0,,,208841317.39,188379060.29,73213414.34,,,,,,,,,,,,,303628488.3,176488871.03,,,,,,,,,,32787584.98,,,,,,,,400000000,,,338000000.0,,,1261612.86,,37038188.46,67869526.38,2729155535.64,2561133287.85,1144796586.76,1184358948.88,2729155535.64,1544796586.76,168022247.79,400000000,303628488.3,176488871.03,961849875.84,,,,,,158869842.13,,,,135.2427080243,28.9963582114,,-69.4359811087,,,,,,,,,,,,,,,,148.1877536097,,,,,,,,,,,,,4891.8710620856,,,,,,,,,,,,,,,,-0.8811654807,,,,,,,,,,,52.2820029958,,,,,55.215670786,66.9004217105,,,,,,,,,43.6823775639,127.2727272727,,,,,49.1405243473,196.1448422526,,,,,,,67.9399815798,28.9963582114,9.7647810052,,,,,,,,,,,,,12.6135969487,-20.2491457432,,,,,,,,,,-49.6609146505,,,,,,,,150,,,33.8083927158,,,-46.8502133877,,15.5890633445,36.9600755827,60.4212250057,64.522695743,21.2028931789,103.9486355239,60.4212250057,37.863139601,16.2475892241,127.2727272727,12.6135969487,-20.2491457432,122.898053579,,,,,,72.6254461348,,,,,0
600565.SH,600565,迪马股份,10002631,通用,2008-03-31 00:00:00,一季报,2008一季报,058001001,2008-04-24 00:00:00,2008-04-24 00:00:00,CNY,,99466372.51,200258307.6,,309900548.02,,,,,,,,,,,,,,,,365941845.25,124000.0,,,,,,,0,,0,,,10509538.74,,,,,,,8642400.0,,,,,,,,111821026.63,1951196.9,,,,,,,,,,,1053758.86,,,,,1435176340.4,13756211.36,,,,,,,,,25132895.55,176000000,,1937536.37,,,261601448.17,500532944.03,,,,,,,162036854.09,200258307.6,62570481.58,,,,,,,,,,,,,290128894.54,161922860.38,,,,,,,,,,22657344.07,,,,,,,,400000000,,,291500000,,,1065566.7,,37038188.46,62685529.14,2486833960.89,2320547796.48,1125959792.49,1184874168.4,2486833960.89,1301959792.49,166286164.41,176000000,298771294.54,161922860.38,923272720.23,,,,,,120292686.52,,,,59.6147692026,27.8911957753,,171.859987621,,,,,,,,,,,,,,,,148.1647462539,40.8642704594,,,,,,,,,,,,,,,,,,,,,,,,,,,,-4.4722933855,,,,,,,,,,,-57.3833269746,,,,,74.6475446332,77.7846004751,,,,,,,,,-84.0019140721,170.7692307692,,,,,78.4571224876,259.0199535429,,,,,,,-19.6496388694,27.8911957753,-55.097154004,,,,,,,,,,,,,-1.9280450467,177.7161483842,,,,,,,,,,-45.2174977373,,,,,,,,150,,,2.2807017544,,,-63.6842659261,,15.5890633445,291.9602609062,65.5819723455,90.6117653099,22.9998921194,127.222638544,65.5819723455,32.7967683233,-41.5419338336,170.7692307692,0.9933360341,177.7161483842,146.2921538809,,,,,,240.1299211749,,,,,0
600565.SH,600565,迪马股份,10002631,通用,2007-12-31 00:00:00,年报,2007年报,058001001,2009-03-24 00:00:00,2009-03-24 00:00:00,CNY,,34568569.56,159731498.09,,342182757.6,,,,,,,,,,,,,,,,565941845.24,,,,,,,,0,,0,,,10509538.73,15740800.0,,,,,,,,,,,,,,116483199.22,,,,,,,,,,,,1087925.86,,,,,1317860499.2,13026351.27,,,,,,,,,25132895.55,176000000,,2171395.37,,,260793192.51,670575181.2,,,,,,,157919347.51,159731498.09,123350777.95,,,,,,,,,,,,,390035372.44,163920566.01,,,,,,,,,,79295362.03,,,,,,,,200000000,,,249100000,,,1561344.74,,37038188.46,42919278.23,2559794412.53,2391383106.53,1183718100.52,1184335512.01,2559794412.53,1375458900.52,168411306.0,191740800,390035372.44,163920566.01,923542319.5,,,,,,120562285.8,,,,-60.1120153665,-13.9326884662,,328.2970292413,,,,,,,,,,,,,,,,90.4992358797,,,,,,,,,,,,,95.5466711862,,,,,,,,,,,,,,,,-1.9737091376,,,,,,,,,,,-53.4355294233,,,,,62.3948498419,66.7253374877,,,,,,,,,-83.5425482351,,,,,,39.7511302298,238.0471870906,,,,,,,-37.6930343139,-14.3291702588,-26.0441024735,,,,,,,,,,,,,54.824203915,342.6497198065,,,,,,,,,,292.4309850263,,,,,,,,25,,,1.2601626016,,,-54.7895029985,,18.5521546953,61.6218046505,57.9318430573,90.7554998461,29.683039818,67.2685502143,57.9318430573,50.6893332845,-54.1344055584,,54.824203915,342.6497198065,77.1166207589,,,,,,264.1690283992,,,标准无保留意见,,0
600565.SH,600565,迪马股份,10002631,通用,2007-09-30 00:00:00,三季报,2007三季报,058001001,2007-10-23 00:00:00,2007-10-23 00:00:00,CNY,,58239736.05,140109649.93,,364510178.22,,,,,,,,,,,,,,,,145685829.88,176548.21,,,,,,,0,,0,,,158145.26,,,,,,,,,,,,,,,116265848.04,,,,,,,,,,,,1153523.86,,,,,839278815.97,7586595.08,,,,,,,,,22086256.03,176000000,,,,,155229503.74,358534265.41,,,,,,,101896024.31,140209649.93,43656288.26,100000.0,,,,,,,,,,,,141671363.64,162806277.66,,,,,,,,,,70378726.05,,,,,,,,160000000,,,279100000,,,2401981.22,,32042986.93,51186976.86,1718634651.5,1571207735.02,940766524.25,601868127.25,1718634651.5,1116766524.25,147426916.48,176000000,141671363.64,162806277.66,446638623.51,,,,,,108909806.7,,,,26.9211572101,-21.9756078706,,1398.664437908,,,,,,,,,,,,,,,,-27.6519370708,,,,,,,,-100.0,,-100.0,,,,,,,,,,,,,,,,,,,-5.6019582226,,,,,,,,,,,-48.1835649376,,,,,449.7255724747,,,,,,,,,,-90.3010852276,,,,,,1838.8365197072,211.7627785628,,,,,,,-49.4002649812,-22.3770597922,-71.923420013,-90.5440928948,,,,,,,,,,,,467.6449698289,504.4777025104,,,,,,,,,,40.0658008445,,,,,,,,0,,,36.1463414634,,,37.3948832979,,10.3200648389,5372.1579381786,95.5970576951,198.9647040703,104.2821389644,43.9401905811,95.5970576951,142.4995452294,-58.2491546932,,467.6449698289,504.4777025104,8.9013678857,,,,,,452.3405002135,,,,,0
600565.SH,600565,迪马股份,10002631,通用,2007-06-30 00:00:00,中报,2007中报,058001001,2007-07-12 00:00:00,2007-07-12 00:00:00,CNY,,57654455.77,146034401.98,,246026682.87,,,,,,,,,,,,,,,,147445568.9,,,,,,,,0,,0,,,158145.26,,,,,,,,,,,,,,,114405205.62,,,,,,,,,,,,644240.39,,,,,827289438.9,7662083.51,,,,,,,,,21668589.55,176000000,,,,,149194240.81,296947572.32,,,,,,,124354734.01,146034401.98,66700278.24,,,,,,,,,,,,,269619740.89,221300289.1,,,,,,,,,,65133453.96,,,,,,,,160000000,,,252600000,,,2373693.18,,32042986.93,49554241.33,1701243420.59,1556705156.26,944529092.28,580714328.31,1701243420.59,1120529092.28,144538264.33,176000000,269619740.89,221300289.1,431520087.5,,,,,,92031531.67,,,,60.5000401943,-14.717741712,,1881.5023402411,,,,,,,,,,,,,,,,-26.7780448778,,,,,,,,-100.0,,-100.0,,,,,,,,,,,,,,,,,,,-5.5102226511,,,,,,,,,,,-73.133984791,,,,,539.4463893173,,,,,,,,,,-90.03829285,,,,,,1821.3577442913,147.8643325094,,,,,,,-22.3121314093,-14.717741712,-46.2735453651,,,,,,,,,,,,,1519.6071787566,1010.7003381691,,,,,,,,,,33.2762927953,,,,,,,,0,,,14.8181818182,,,51.8821134959,,10.3200648389,740.4599394535,104.8555788445,218.042179211,126.0151470364,40.76057388,104.8555788445,168.1299598077,-57.6127772407,,1519.6071787566,1010.7003381691,6.6035422941,,,,,,540.1667132347,,,,,0
600565.SH,600565,迪马股份,10002631,通用,2007-03-31 00:00:00,一季报,2007一季报,058001001,2007-04-25 00:00:00,2007-04-25 00:00:00,CNY,,62316521.84,156584905.15,,113992702.91,,,,,,,,,,,,,,,,147459238.58,88028.0,,,,,,,0,,0,,,,,,,,,,,,,,,,,,117056119.73,,,,,,,,,,,,2472644.59,,,,,821755807.34,7737571.94,,,,,,,,,157099390.91,65000000,,,,,146590645.71,139416469.5,,,,,,,201662882.17,156584905.15,139346360.33,,,,,,,,,,,,,295832681.91,58305165.66,,,,,,,,,,41358724.29,,,,,,,,160000000,,,285000000,,,2934173.65,,32042986.93,15992827.69,1501874827.11,1217421071.94,915415268.33,521459558.78,1501874827.11,980415268.33,284453755.17,65000000,295832681.91,58305165.66,374868913.07,,,,,,35366687.56,,,,43.2051069551,-20.8095591776,,474.8084893731,,,,,,,,,,,,,,,,-47.5847641816,1803.8185372943,,,,,,,-100.0,,-100.0,,,,,,,,,,,,,,,,,,,-4.2053020199,,,,,,,,,,,-74.0247799404,,,,,868.1614410908,,,,,,,,,,-12.5432841867,,,,,,2592.9451416093,9.117196912,,,,,,,90.9782736161,-21.0491284126,124.4658191404,,,,,,,,,,,,,1582.4916066167,48.4022457156,,,,,,,,,,79.2182399381,,,,,,,,100,,,25.0,,,159.9998126765,,10.3200648389,260.8444668728,88.4543697462,157.1615299497,142.531154549,24.3046802803,88.4543697462,159.7523279236,-12.0798121622,,1582.4916066167,48.4022457156,-9.4645583059,,,,,,49.3323650386,,,,,0
600565.SH,600565,迪马股份,10002631,通用,2006-12-31 00:00:00,年报,2006年报,058001001,2008-02-19 00:00:00,2008-02-19 00:00:00,CNY,,86664116.72,185589041.0,,79893796.65,,,,,,,,,,,,80117600.0,,,,297083525.1,,,,,,,,0.0,,0.0,,,5374440.11,,,,,,,,,,,,,,,118828528.75,,,,,,,,,,,,2336386.19,,,,,811516190.62,7813060.37,,,,,,,,,152714380.75,,,,,,186612582.01,198367330.6,,,,51500000.0,,,253453760.38,186447941.0,166789643.66,858900.0,,,,68507.55,,,,,,,,251921445.47,37031666.05,,,,,,,,,,20206192.95,,,,,,,,160000000,,,246000000,,,3453500.5,,31242104.84,26555376.19,1620822224.94,1253637828.77,912777879.19,708044345.75,1620822224.94,912777879.19,367184396.17,,251921445.47,37031666.05,521431763.74,,,,,,33106133.8,,,,85.0051198151,1.1474305399,,415.4068810481,,,,,,,,,,,,,,,,5.6000503992,,,,,,,,-100.0,,-100.0,,,,,,,,,,,,,,,,,,,-11.1062541802,,,,,,,,,,,-75.4657979004,,,,,744.5005131346,,,,,,,,,,-14.984404965,,,,,,3343.9925051226,5.5456290105,,,,,,,76.2272614834,1.0482950603,71.9872092772,-16.6116504854,,,,,,,,,,,,1465.5593974535,209.3609216961,,,,,,,,,,-5.4676984933,,,,,,,,100,,,7.8947368421,,,137.4666172421,,7.5627262584,498.8995431482,96.4760038215,149.7530638646,122.8282080184,70.4842445279,96.4760038215,122.8282080184,13.6808838672,,1465.5593974535,209.3609216961,27.2110081841,,,,,,69.5948219292,,,标准无保留意见,,0
600565.SH,600565,迪马股份,10002631,通用,2006-09-30 00:00:00,三季报,2006三季报,058001001,2006-10-23 00:00:00,2006-10-23 00:00:00,CNY,,45886546.68,179571600.76,,24322334.54,,,,,,,,,0.0,,,,,,,201367975.84,,,,,,,0.0,65559.56,0.0,2182829.61,,,,,,,,,,,,,,,,,,123165529.55,672.04,,,,,,,,,,,2226173.72,,,,,152672325.61,,,,0.0,0.0,,,,,227718838.12,,,,,,8006322.46,115002267.77,,0.0,,,,,201376596.68,180629140.76,155490050.0,1057540.0,,,,,,,,,,,,24957741.4,26933380.17,0.0,,,,,,,,,50246902.26,,,,,,,,160000000,,,205000000,,,1748231.93,,29045475.07,935407.52,878660789.56,525549576.13,460523141.68,418137647.88,878660789.56,460523141.68,353111213.43,,24957741.4,26933380.17,410131325.42,,,,,,19717874.51,,,,25.7904959402,-2.0395526355,,173.9825201692,,,,,,,,,,,,,,,,-28.4225929717,,,,,,,,-79.7903627559,,160.3532127435,,,,,,,,,,,,,,,,,,,-6.5064390384,,,,,,,,,,,-76.8113400615,,,,,70.7447103671,,,,,,,,,,26.8712716034,,,,,,142.4358727076,5.3809903388,,,,,,,31.1260430776,-1.7841143661,32.7882052889,76.2566666667,,,,,,,,,,,,-4.9113710675,6.6425727911,,,,,,,,,,-40.6976936394,,,,,,,,100,,,-5.9633027523,,,71.6012457618,,11.8469034144,4.1112378118,7.8528669939,6.6529486,12.4723232212,3.1852522062,7.8528669939,12.4723232212,9.6896019241,,-4.9113710675,6.6425727911,2.0410955122,,,,,,34.7799437142,,,,,0
600565.SH,600565,迪马股份,10002631,通用,2006-06-30 00:00:00,中报,2006中报,058001001,2006-08-08 00:00:00,2006-08-08 00:00:00,CNY,,35921770.3,171236556.01,,12416169.18,,,,,,,,,0.0,,,,,,,201367975.84,,,,,,,0.0,254706.57,0.0,1313184.96,,,,,,,,,,,,,,,,,,121076807.28,1272.04,,,,,,,,,,,2397975.23,,,,,129375887.13,,,,0.0,0.0,,,,,217518837.12,,,,,,7765042.26,119802461.82,,0.0,,,,,160069694.62,171236556.01,124147924.32,,,,,,,,,,,,,16647230.54,19924391.98,0.0,,,,,,,,,48870997.68,,,,,,,,160000000,,,220000000,,,1562852.35,,29045475.07,5896086.06,830459892.86,489465001.19,417905217.71,412554675.15,830459892.86,417905217.71,340994891.67,,16647230.54,19924391.98,404789632.89,,,,,,14376181.98,,,,-12.0933847171,-0.2252365204,,127.8828607022,,,,,,,,,,,,,,,,-28.4225929717,,,,,,,,,,20.951361697,,,,,,,,,,,,,,,,,,,89.6011379488,,,,,,,,,,,-74.7005762489,,,,,83.5185138473,,,,,,,,,,21.1884431366,,,,,,252.4950999476,-6.7702582031,,,,,,,119.9271944053,-0.2252365204,288.9409239455,,,,,,,,,,,,,-56.3454384177,24.764802982,,,,,,,,,,204.0756571182,,,,,,,,100,,,17.0212765957,,,51.8646715769,,11.8469034144,51.6252587669,14.8182921356,21.5565239495,29.6356960527,2.9038080152,14.8182921356,29.6356960527,6.3557215507,,-66.7945296205,24.764802982,1.524812094,,,,,,25.9727695272,,,,,0
600565.SH,600565,迪马股份,10002631,通用,2006-03-31 00:00:00,一季报,2006一季报,058001001,2006-04-24 00:00:00,2006-04-24 00:00:00,CNY,,43515572.29,197732079.18,,19831422.99,,,,,,,,,0.0,,,,,,,281328961.47,4623.76,,,,,,0.0,63559.61,0.0,872650.43,,,,,,,,,,,,,,,,,,122194779.25,12019760.73,,,,,,,,,,,9519244.05,,,,,84877973.08,,,,0.0,0.0,,,,,179631020.27,,,166908.89,,,5443506.57,127767641.99,,0.0,,,,,105594672.29,198332079.18,62079100.0,600000.0,,,,,,,,,,,,17583010.86,39288600.64,0.0,,,,,,,,,23077296.32,,,,,,,,80000000,,,228000000,,,1128529.14,,29045475.07,4432055.68,796943487.77,473407150.82,377442341.39,419501146.38,796943487.77,377442341.39,323536336.95,,17583010.86,39288600.64,414057639.81,,,,,,23683203.27,,,,32.4029766934,7.2687467837,,649.2009093279,,,,,,,,,,,,,,,,0.0,-99.9921913403,,,,,,,189.9085569161,,6.8645273672,,,,,,,,,,,,,,,,,,,89.2106311067,,,,,,,,,,,3.7018204083,,,,,16.9633801566,,,,,,,,,,-2.0345647729,,,-25.3557721579,,,235.8061742796,49.8779822963,,,,,,,35.0519159165,7.594244034,36.9728300921,,,,,,,,,,,,,608.3813487718,212.2712335722,,,,,,,,,,58.0563349556,,,,,,,,0,,,20.0,,,53.6516094655,,11.8469034144,9.937622271,16.1873330941,28.1719089009,35.3325713831,3.0683216164,16.1873330941,35.3325713831,2.2040352849,,608.3813487718,212.2712335722,2.1376803935,,,,,,30.8916782564,,,,,0
600565.SH,600565,迪马股份,10002631,通用,2005-12-31 00:00:00,年报,2005年报,058001001,2007-04-12 00:00:00,2007-04-12 00:00:00,CNY,,46844172.1,183483693.07,,15501111.76,,,,,,,,,0.0,,,,,,,281328961.47,,,,,,,0.0,53112.65,0.0,329980.43,,,,,,,,,,,,,,,,,,133674790.79,,,,,,,,,,,,9522976.05,,,,,96094221.14,,,,0.0,0.0,,,,,179631020.27,,,166938.89,,,5418495.59,187944619.27,,0.0,,,,,143822106.89,184513693.07,96977934.79,1030000.0,,,,,,,,,,,,16091465.19,11970376.17,0.0,,,,,,,,,21374908.5,,,,,,,,80000000,,,228000000,,,1454309.89,,29045475.07,4434028.46,824946656.8,501950930.8,409633002.62,415313654.18,824946656.8,409633002.62,322995726.0,,16091465.19,11970376.17,409895158.59,,,,,,19520722.05,,,,48.835910687,-9.1191079206,,-20.2650930697,,,,,,,,,,,,,,,,0.0,,,,,,,,-4.6278589116,,-83.3441669128,,,,,,,,,,,,,,,,,,,102.9963782771,,,,,,,,,,,-1.5030732944,,,,,46.8686148196,,,,,,,,,,29.8271915512,,,-32.8934449436,,,238.4064651732,11.1755701623,,,,,,,31.5042332614,-8.6089409555,24.5011564424,,,,,,,,,,,,,376.7932658269,105.2441382547,,,,,,,,,,40.7818726464,,,,,,,,0,,,26.6666666667,,,43.8041982551,,11.8469034144,-24.2369653282,13.9407287825,9.7289014941,27.6005453014,3.0590205859,13.9407287825,27.6005453014,21.1684884111,,376.7932658269,105.2441382547,2.1201875254,,,,,,38.5713816025,,,标准无保留意见,,0
600565.SH,600565,迪马股份,10002631,通用,2005-09-30 00:00:00,三季报,2005三季报,058001001,2005-10-25 00:00:00,2005-10-25 00:00:00,CNY,,36478548.19,183310311.04,,8877330.76,,,,,,,,,0,,,,,,,281328961.47,700000.0,,,,,,0,324397.51,0,838410.86,,,,,,,,,,,,,,,,,,131736911.38,,,,,,,,,,,,9600268.95,,,,,89415552.19,,,,0,0,,,,,179488102.58,,,393301.2,,,3302449.58,109129993.37,,0,,,,,153574829.19,183910311.04,117096281,600000.0,,,,,,,,,,,,26246820.13,25255748.68,0,,,,,,,,,84730097.94,,,,,,,,80000000,,,218000000,,,1018775.78,,25968957.73,898469.31,814684684.84,492766100.73,409454636.03,405230048.81,814684684.84,409454636.03,321918584.11,,26246820.13,25255748.68,401927599.23,,,,,,14629680.03,,,,31.3251450795,27.0905696108,,755.71232095,,,,,,,,,,,,,,,,0,-98.7929045475,,,,,,,409.5710396806,,-45.7988967813,,,,,,,,,,,,,,,,,,,100.6439010827,,,,,,,,,,,8.6225514907,,,,,-1.0445396877,,,,,,,,,,25.5183128274,,,44.9967481823,,,107.8498545504,-34.5893598325,,,,,,,34.3479852118,27.5065546219,35.3183126391,,,,,,,,,,,,,1052.7130852084,178.5334178078,,,,,,,,,,637.9856370254,,,,,,,,0,,,21.1111111111,,,-5.0962070483,,10.3235597304,193.6578687426,16.7503767543,16.7564970586,36.8101991019,1.6853125672,16.7503767543,36.8101991019,16.741009546,,1052.7130852084,178.5334178078,1.2603432963,,,,,,21.336483785,,,,,0
600565.SH,600565,迪马股份,10002631,通用,2005-06-30 00:00:00,中报,2005中报,058001001,2005-08-16 00:00:00,2005-08-16 00:00:00,CNY,,40863557.52,171623113.94,,5448487.5,,,,,,,,,0,,,,,,,281328961.47,66936422.32,,,,,,0,0.0,0,1085713.25,,,,,,,,,,12000000.0,,,,,,,,63858692.3,,,,,,,,,,,,9478378.85,,,,,70497457.95,,,,0,0,,,,,179488102.57,,,855749.88,,,2202879.49,128502406.54,,0,,,,,72783038.52,171623113.94,31919481,,,,,,,,,,,,,38134000.06,15969561.53,0,,,,,,,,,16071986.21,,,,,,,,80000000,,,188000000,,,1029108.57,,25968957.73,3888590.93,723281872.09,402664526.17,322368938.83,400912933.26,723281872.09,322368938.83,320617345.92,,50134000.06,15969561.53,398710053.77,,,,,,11412134.57,,,,44.8193526944,16.0747939404,,181.2071781929,,,,,,,,,,,,,,,,0,11.9939668065,,,,,,,-100.0,,-14.607970741,,,,,,,,,,,,,,,,,,,-3.600063357,,,,,,,,,,,12.9342617506,,,,,7.4300306962,,,,,,,,,,25.5183128204,,,194.4786357828,,,57.3413107861,4.1390126024,,,,,,,-7.8055881868,15.6139516837,-37.0775115943,,,,,,,,,,,,,2027.7087847719,145.5326499318,,,,,,,,,,43.6439778202,,,,,,,,0,,,25.3333333333,,,-23.1906103957,,10.3235597304,63.7807350833,14.2834870372,13.3654352256,35.6426249922,1.4395551435,14.2834870372,35.6426249922,15.4577516808,,2697.2557868459,145.5326499318,1.2408212708,,,,,,27.4309639727,,,,,0
600565.SH,600565,迪马股份,10002631,通用,2005-03-31 00:00:00,一季报,2005一季报,058001001,2005-04-26 00:00:00,2005-04-26 00:00:00,CNY,,32866007.53,184333354.41,,2647010.0,,,,,,,,,0,,,,,,,281328961.47,59213234.46,,,,,,0,21924.02,0,816595.04,,,,,,,,,,,,,,,,,,64581349.65,,,,,,,,,,,,9179437.75,,,,,72567989.2,,,,0,0,,,,,183361631.43,,,223605.89,,,1621026.35,85247772.91,,0,,,,,78188207.53,184333354.41,45322200,,,,,,,,,,,,,2482139.16,12581562.57,0,,,,,,,,,14600677.87,,,,,,,,80000000,,,190000000,,,734472.71,,25968957.73,4031427.63,685912540.16,369353280.98,278899852.07,407012688.09,685912540.16,278899852.07,316559259.18,,2482139.16,12581562.57,405391661.74,,,,,,18093742.54,,,,42.1369175689,19.7778728807,,-33.6957883083,,,,,,,,,,,,,,,,0,125.3787734914,,,,,,,-80.989983593,,-36.0571272822,,,,,,,,,,,,,,,,,,,-2.8833726782,,,,,,,,,,,17.1199034801,,,,,57.5072922775,,,,,,,,,,27.991354111,,,,,,101.6854972456,-41.3814504974,,,,,,,106.1274059416,19.7778728807,206.0408394782,,,,,,,,,,,,,74.434099024,29.3157212189,,,,,,,,,,49.9613026391,,,,,,,,0,,,46.1538461538,,,-61.9708254082,,10.1991593154,-12.6243839364,12.6574651598,1.198855981,28.4249747411,4.3733727737,12.6574651598,27.4158309723,29.8065000856,,-93.3673372845,29.3157212189,4.1723893815,,,,,,324.7180707081,,,,,0
600565.SH,600565,迪马股份,10002631,通用,2004-12-31 00:00:00,年报,2004年报,058001001,2006-02-28 00:00:00,2006-02-28 00:00:00,CNY,,31473702.74,201894687.51,,19440810.0,,,,,,,,,0,,,,,,,281328961.47,52437908.94,,,,,,0,55689.9,0,1981170.37,,,,,,,,,,,,,,,,,,65850825.48,,,,,,,,,,,,9668297.65,,,,,65428697.11,,,,0,0,,,,,138361631.43,,,248766.89,,,1601179.69,169052084.91,,0,,,,,109366902.74,201894687.51,77893200,,,,,,,,,,,,,3374935.5,5832262.14,0,,,,,,,,,15182997.71,,,,,,,,80000000,,,180000000,,,1011312.54,,25968957.73,5852495.85,724013849.67,457446419.28,321027627.0,402986222.67,724013849.67,321027627.0,266567430.39,,3374935.5,5832262.14,401385042.98,,,,,,14087123.78,,,,0.3865520303,47.7047742577,,324.7500546209,,,,,,,,,,,,,,,,0,89.0671643407,,,,,,,,,,,,,,,,,,,,,,,,,,,,20.9421253628,,,,,,,,,,,32.24164636,,,,,13.8904939066,,,,,,,,,,-3.4198571117,,,,,,,-36.0492970497,,,,,,,-8.0461326049,47.7047742577,-11.0647800752,,,,,,,,,,,,,-90.4349514282,-7.7695014272,,,,,,,,,,26.6326950036,,,,,,,,0,,,50.0,,,-72.6439196416,,10.3235597304,40.8995325288,2.038029544,-4.0585802739,11.9935723064,-4.3207808947,2.038029544,11.3255759604,14.5268919913,,-90.4349514282,-7.7695014272,-4.7009418376,,,,,,-61.210474297,,,标准无保留意见,,0
600565.SH,600565,迪马股份,10002631,通用,2004-09-30 00:00:00,三季报,2004三季报,058001001,2004-10-28 00:00:00,2004-10-28 00:00:00,CNY,,27777276.14,144235966.21,,1037420.0,,,,,,,,,0,,,,,,,281328961.47,57990442.97,,,,,,0,63660.9,0,1546852.02,,,,,,,,,,,,,,,,,,65657072.39,,,,,,,,,,,,8838191.35,,,,,90359391.9,,,,0,0,,,,,142997542.38,,,271248.29,,,1588863.07,166838289.75,,0,,,,,114311226.14,144235966.21,86533950,,,,,,,,,,,,,2276960.37,9067403.43,0,,,,,,,,,11481266.53,,,,,,,,80000000,,,180000000,,,1073482.68,,23538904.83,-959310.01,697800476.1,422045978.72,299286631.2,398513844.9,697800476.1,299286631.2,275754497.38,,2276960.37,9067403.43,396924981.83,,,,,,12057115.53,,,,-6.3324512398,-15.2785089446,,5087.1,,,,,,,,,,,,,,,,0,94.0453473359,,,,,,,,,,,,,,,,,,,,,,,,,,,,87.5167635459,,,,,,,,,,,20.2341897181,,,,,24.8310900238,,,,,,,,,,0.3786177995,,,,,,,-19.2708566627,,,,,,,,,-8.5232888674,,,,,,,,,,,,,-93.187710466,-24.6645807087,,,,,,,,,,-39.4138708871,,,,,,,,0,,,38.4615384615,,,-68.0317390899,,35.6962279703,-186.6964074506,0.3872721762,-12.1470676944,2.4390590456,-1.1003927917,0.3872721762,2.4390590456,28.432362132,,,,-1.4947026395,,,,,,-50.325264452,,,,,0
600565.SH,600565,迪马股份,10002631,通用,2004-06-30 00:00:00,中报,2004中报,058001001,2004-07-22 00:00:00,2004-07-22 00:00:00,CNY,,28216917.67,147855626.63,,1937535,,,,,,,,,0.0,,,,,,,281328961.47,59767882.35,,,,,,0.0,37010.78,0.0,1271445.66,,,,,,,,,,,,,,,,,,66243500.28,,,,,,,,,,,,8392828.45,,,,,65621742.35,,,,0.0,0.0,,,,,142997542.38,,,290598.29,,,1400064.28,123395069.08,,0.0,,,,,78945173.67,148444985.61,50728256,589358.98,,,,,,,,,,,,1792256.55,6504048.05,0.0,,,,,,,,,11188764.37,,,,,,,,80000000,,,150000000,,,1339821.31,,23538904.83,2374266.38,632883971.99,355191620.24,237660498.57,395223473.42,632883971.99,237660498.57,277692351.75,,1792256.55,6504048.05,393823409.14,,,,,,8955542.84,,,,14.2642652969,59.3492792774,,758.6461333924,,,,,,,,,,,,,,,,0.0,213.9841942973,,,,,,,-84.2379881606,,,,,,,,,,,,,,,,,,,,,97.5152678696,,,,,,,,,,,13.561719509,,,,,6.9482458103,,,,,,,,,,185.99508476,,,,,,,-52.5939137593,,,,,,,39.0469113142,59.9844524584,58.1231295679,,,,,,,,,,,,,-9.9689657415,-21.3676441777,,,,,,,,,,28.7880534455,,,,,,,,0.0,,,66.6666666667,,,-63.7276774079,,35.6962279703,2102.099829259,16.8550267239,-17.7098622353,55.5431954401,1.6511686906,16.8550267239,55.5431954401,152.5295972396,,-9.9689657415,-21.3676441777,1.2910732513,,,,,,-11.5758978585,,,未经审计,,0
600565.SH,600565,迪马股份,10002631,通用,2004-03-31 00:00:00,一季报,2004一季报,058001001,2004-04-27 00:00:00,2004-04-27 00:00:00,CNY,,23122780.55,153895999.3,,3992220,,,,,,,,,0.0,,,,,,,281328961.47,26272764.53,,,,,,0.0,115328.78,0.0,1277069.68,,,,,,,,,,36000000.0,,,,,,,,66498756.63,,,,,,,,,,,,7837641.15,,,,,46072780.6,,,,0.0,0.0,,,,,143260951.26,,,,,,803739.67,145427980.79,,0.0,,,0.0,,37931980.55,153895999.3,14809200,,,,,,,,,,,,,1422966.71,9729337.2,0.0,,,,,,,,,9736297.04,,,,,,,,80000000,,,130000000,1720000.0,,1931340.13,,23565477.17,4613904.67,608847837.28,364977723.71,217169481.74,389958355.54,608847837.28,218889481.74,243870113.57,1720000.0,37422966.71,9729337.2,389154615.87,,,,,,4260177.23,,,,-12.7724682523,28.9652852745,,-62.3897048433,,,,,,,,,,,,,,,,0.0,66.1856327398,,,,,,,-1.7684255355,,,,,,,,,,,,25.0,,,,,,,,,94.6129187207,,,,,,,,,,,5.4825383919,,,,,-11.5460607525,,,,,,,,,,,,,,,,,-37.7085395429,,,,,,,-11.5383592188,28.7548862006,-9.5400403152,,,,,,,,,,,,,-21.3404938191,8.3949204743,,,,,,,,,,102.7159481363,,,,,,,,0.0,,,,,,-44.8931727001,,35.8494112357,-12.795605969,27.8065593895,-12.8875296415,133.7696266866,1.6884636863,27.8065593895,135.6211011879,324.7918841983,,22.2612351369,8.3949204743,1.4788745056,,,,,,-11.3875741914,,,,,0
600565.SH,600565,迪马股份,10002631,通用,2003-12-31 00:00:00,年报,2003年报,058001001,2005-03-26 00:00:00,2005-03-26 00:00:00,CNY,,31352508.98,136687990.3,,4577000,,,,,,,,,0.0,,,,,,,281328961.47,27735069.24,,,,,,0.0,0.0,0.0,0.0,,,,,,,,,,,,,,,,,,54448212.55,,,,,,,,,,,,7311083.85,,,,,57448778.09,,,,0.0,0.0,,,,,143260951.26,,1720000.0,,,,,264347500.67,,0.0,,,0.0,,118936707.98,136687990.3,87584199,,,,,,,,,,,,,35284039.33,6323572.17,0.0,,,,,,,,,11989792.77,,,,,,,,80000000,,,120000000,1720000.0,,3696847.38,,23538904.83,4153665.91,709552950.9,476797634.0,286648260.6,421184690.3,709552950.9,288368260.6,232755316.9,1720000.0,35284039.33,6323572.17,421184690.3,,,,,,36316824.0,,,,3.5047396333,-3.7366581821,,-64.9687037425,,,,,,,,,,,,,,,,0.0,640.3349576627,,,,,,,-100.0,,,,,,,,,,,,,,,,,,,,,55.7079537486,,,,,,,,,,,-2.1274367685,,,,,-10.8473972709,,,,,,,,,,,,,,,,,6.1165498789,,,,,,,60.5194428944,-3.8686752597,99.9456647795,,,,,,,,,,,,,527.657564745,60.7007402935,-100.0,,,,,,,,,200.6071612437,,,,,,,,0.0,,,,,,-27.9247069119,,35.6962279703,19.8390320405,39.1059819665,2.7810640624,182.7545073746,3.0537857251,39.1059819665,184.4511433551,403.9689696243,,527.657564745,60.7007402935,3.0537857251,,,,,,2857.3295031264,,,标准无保留意见,,0
600565.SH,600565,迪马股份,10002631,通用,2003-09-30 00:00:00,三季报,2003三季报,058001001,2003-10-31 00:00:00,2003-10-31 00:00:00,CNY,,29655175.68,170247199.87,,20000,,,,,,,,,,,,,,,,281328961.47,29884995.32,,,,,,,,,,0.0,,,,,,,,,,,,,,,,,35013974.83,,,,0.0,,,,,,,,7350813.75,,,,,72385326.35,,,,,,,,,,142458170.39,,,,,,,206664263.8,,,0.0,,,0.0,,,94596700,,,,,117405.0,0.0,,,,0.0,,0.0,33424304.1,12036042.96,,0.0,,,,,,,,18950321.96,,,,,,,,80000000,,,130000000,,,3357963.96,,17346764.3,1106516.45,695108514.23,480400559.94,292160660.19,402947854.04,695108514.23,292160660.19,214707954.29,0.0,,,402947854.04,0.0,,,,,24272128.27,,,,8.3513665434,101.1964782206,,-99.2859728655,,,,,,,,,,,,,,,,0.1067505635,242.4541779393,,,,,,,,,,,,,,,,,,,,,,,,,,,,31.8504554629,,,,,,,,,,,-2.1161777515,,,,,13.3158129221,,,,,,,,,,,,,,,,,-17.8995832479,,,,,,,,,510.3012903226,,,,,,,,,,,,,884.1329207578,87.0601936573,,,,,,,,,,374.0312130417,,,,,,,,0.0,,,,,,-6.35365584,,43.5828966309,321.2914686097,53.2571880135,16.9527640895,460.2039502048,0.384532652,53.2571880135,460.2039502048,401.7447106207,,,,0.384532652,,,,,,-14.2145852162,,,,,0
600565.SH,600565,迪马股份,10002631,通用,2003-06-30 00:00:00,中报,2003中报,058001001,2003-08-30 00:00:00,2003-08-30 00:00:00,CNY,,24694437.58,92787132.33,,225650,,,,,,,,,0.0,,,,,,,281328961.47,19035315.61,,,,,,0.0,234810.0,0.0,0.0,,,,,,,,,,,,,,,,,,33538420.09,,,,,,,,,,,,7390543.65,,,,,61358409.25,,,,0.0,0.0,,,,,50000000.0,,,,,,,260293727.8,,0.0,,,,,56775927.58,92787132.33,32081490,,,,,,,,,,,,,1990709.72,8271465.33,0.0,,,,,,,,,8687734.67,,,,,,,,80000000,,,90000000,,,3693784.17,,17346764.3,107818.29,541597558.73,431633279.38,152793889.76,388803668.97,541597558.73,152793889.76,109964279.35,,1990709.72,8271465.33,388803668.97,,,,,,10127943.2,,,,3.2172910311,22.1075902439,,-88.0555347497,,,,,,,,,,,,,,,,287944.812691343,293.427670013,,,,,,,,,,,,,,,,,,,,,,,,,,,,23.5832398058,,,,,,,,,,,-2.1050411275,,,,,29.7961638817,,,,,,,,,,,,,,,,,320.7123423185,,,,,,,-6.4257125383,22.1075902439,-12.7034285714,,,,,,,,,,,,,-15.5107940895,4.808846698,,,,,,,,,,157.0524292489,,,,,,,,33.3333333333,,,28.5714285714,,,-0.1660969423,,43.5828966309,-84.8562630521,129.5600455606,119.769881661,9.6617863147,302.50261054,129.5600455606,9.6617863147,178.2066571554,,-15.5107940895,4.808846698,302.50261054,,,,,,-58.5218382778,,,未经审计,,0
600565.SH,600565,迪马股份,10002631,通用,2003-03-31 00:00:00,一季报,2003一季报,058001001,2003-04-26 00:00:00,2003-04-26 00:00:00,CNY,,26508580.59,119331337.09,,10614700.0,,,,,,,,,0,,,,,,,281328961.47,15809287.54,,,,,,0,117405.0,0,0,,,,,,,,,,28800000.0,,,,,,,,34169754.54,,,,,,,,,,,,7430273.55,,,,,52086748.19,,,,0,0,,,,,,,,,,,,233463752.05,,0,,,,,42879580.59,119526337.09,16371000,195000.0,,,,,,,,,,,,1809020.65,8975823.92,0,,,,,,,,,4802926.03,,,,,,,,80000000,,,,,,3504720.24,,17346764.3,5290908.47,476382307.91,418972992.28,92898929.95,383483377.96,476382307.91,92898929.95,57409315.63,,30609020.65,8975823.92,383483377.96,,,,,,4807652.19,,,,,,,,,,,,,,,,,,,,,,,,,,,,,,,,,,,,,,,,,,,,,,,,,,,,,,,,,,,,,,,,,,,,,,,,,,,,,,,,,,,,,,,,,,,,,,,,,,,,,,,,,,,,,,,,,,,,,,,,,,,,,,,,,,,,,,,,,,,,,,,,,,,,,,,,,,,,,0
600565.SH,600565,迪马股份,10002631,通用,2002-12-31 00:00:00,年报,2002年报,058001001,2004-02-25 00:00:00,2004-02-25 00:00:00,CNY,,30290892.08,141993813.76,,13065460.0,,,,,,,,,0,,,,,,,281328961.47,3746286.59,,,,,,0,234810.0,0,0,,,,,,,,,,28800000.0,,,,,,,,34968163.95,,,,,,,,,,,,7470003.45,,,,,64438699.86,,,,0,0,,,,,,,,,,,,249110530.8,,0,,,,,74094892.08,142188813.76,43804000,195000.0,,,,,,,,,,,,5621542.91,3934998.78,28800000,,,,,,,,,3988525.33,,,,,,,,80000000,,,,,,5129146.51,,17346764.3,3466037.6,510080832.52,463896378.53,101377079.1,408703753.42,510080832.52,101377079.1,46184453.99,,5621542.91,3934998.78,408703753.42,,,,,,1228027.65,,,,54.1025717841,191.4313365252,,538.6514923983,,,,,,,,,,,,,,,,287944.812691343,55.9663683799,,,,,,,2.4520200928,,,,,,,,,,,,37.1428571429,,,,,,,,,29.5064427205,,,,,,,,,,,-2.0831158632,,,,,-23.4730854269,,,,,,,,,,,,,,,,,533.5201235035,,,,,,,75.6705696105,191.8315589653,94.4942722671,,,,,,,,,,,,,81.3976238348,-42.1649619469,,,,,,,,,,-49.8289063361,,,,,,,,33.3333333333,,,,,,64.0362460306,,43.5828966309,7835.1549650729,127.447209005,147.7663504102,-33.2578515821,464.7438737702,127.447209005,-33.2578515821,24.7149660301,,-76.6731441896,-42.1649619469,464.7438737702,,,,,,543.8654219441,,,标准无保留意见,,0
600565.SH,600565,迪马股份,10002631,通用,2002-09-30 00:00:00,三季报,2002三季报,058001001,2002-10-26 00:00:00,2002-10-26 00:00:00,CNY,,27369452.39,84617385.64,,2801014.0,,,,,,,,,0,,,,,,,281028961.47,8726713.6,,,,,,0,114595.1,0,0,,,,,,,,,,,,,,,,,,26555823.95,,,,,,,,,,,,7509733.05,,,,,63879280.82,,,,0,0,,,,,,,,,,,,251721333.43,,0,,,,,42869452.39,84617385.64,15500000,,,,,,,,,,,,,3396320.09,6434315.46,0,,,,,,,,,3997694.97,,,,,,,,80000000,,,,,,3585792.9,,12081358.37,-500026.71,453556876.02,410764605.42,52152552.67,401404323.35,453556876.02,52152552.67,42792270.6,,3396320.09,6434315.46,401404323.35,,,,,,28294003.51,,,,,,,,,,,,,,,,,,,,,,,,,,,,,,,,,,,,,,,,,,,,,,,,,,,,,,,,,,,,,,,,,,,,,,,,,,,,,,,,,,,,,,,,,,,,,,,,,,,,,,,,,,,,,,,,,,,,,,,,,,,,,,,,,,,,,,,,,,,,,,,,,,,,,,,,,,,,,0
600565.SH,600565,迪马股份,10002631,通用,2002-06-30 00:00:00,中报,2002中报,058001001,2002-08-27 00:00:00,2002-08-27 00:00:00,CNY,,23924710.03,75988013.64,,1889159.5,,,,,,,,,0,,,,,,,97668.47,4838326.6,,,,,,0,0.0,0,0,,,,,,,,,,,,,,,,,,27138324.05,,,,,,,,,,,,7549462.95,,,,,47272898.84,,,,0,0,,,,,,,,,,,,61869762.69,,0,,,,,60674710.03,75988013.64,36750000,,,,,,,,,,,,,2356170.47,7891953.39,0,,,,,,,,,3379752.02,,,,,,,,60000000,,,70000000.0,,,3699929.64,,12081358.37,711966.21,235928494.18,196402380.58,139331935.85,96596558.33,235928494.18,139331935.85,39526113.6,,2356170.47,7891953.39,96596558.33,,,,,,24417531.49,,,,,,,,,,,,,,,,,,,,,,,,,,,,,,,,,,,,,,,,,,,,,,,,,,,,,,,,,,,,,,,,,,,,,,,,,,,,,,,,,,,,,,,,,,,,,,,,,,,,,,,,,,,,,,,,,,,,,,,,,,,,,,,,,,,,,,,,,,,,,,,,,,,,,,,,,,,未经审计,,0
600565.SH,600565,迪马股份,10002631,通用,2001-12-31 00:00:00,年报,2001年报,058001001,2003-04-09 00:00:00,2003-04-09 00:00:00,CNY,,19656318.34,48722905.18,,2045788.69,,,,,,,,,0,,,,,,,97668.47,2401983.6,,,,,,0,229190.21,0,0,,,,,,,,,,21000000,,,,,,,,27001099.88,,,,,,,,,,,,7628922.75,,,,,84203969.57,,,,0,0,,,,,,,,,,,,39321644.5,,0.0,,,,,42178318.34,48722905.18,22522000,,,,,,,,,,,,,3099016.84,6803831.92,0,,,,,,,,,7949847.29,,,,,,,,60000000,,,80400000,,,3126837.29,,12081358.37,43679.52,224263394.9,187231388.67,151893640.68,72369754.22,224263394.9,151893640.68,37032006.23,,24099016.84,6803831.92,72369754.22,,,,,,190727.38,,,,30.6836105994,-23.9726661493,,-36.5622604947,,,,,,,,,,,,,,,,0.0,,,,,,,,,,,,,,,,,,,,-2.7777777778,,,,,,,,,90.1027388607,,,,,,,,,,,-8.6120409306,,,,,100.0807081587,,,,,,,,,,,,,,,,,-28.3047186535,,-100.0,,,,,-20.8975836585,-23.9726661493,-41.1650992685,,,,,,,,,,,,,238.5674188019,108.5089288095,,,,,,,,,,37.6692629562,,,,,,,,0,,,78.2705099778,,,58.7676500219,,141.9251262563,-99.2104199936,13.5037078306,10.1009831406,15.3656506317,9.7848073741,13.5037078306,15.3656506317,34.5238885454,,7.0338050134,108.5089288095,9.7848073741,,,,,,-76.9690094947,,,标准无保留意见,,0
600565.SH,600565,迪马股份,10002631,通用,2000-12-31 00:00:00,年报,2000年报,058001001,2002-07-08 00:00:00,2002-07-08 00:00:00,CNY,,15041150.34,64086036.84,,3224876.4,,,,,,,,,0,,,,,,,97668.47,,,,,,,0,0.0,0,0,,,,,,,,,,21600000,,,,,,,,14203424.97,,,,,,,,,,,,8347842.35,,,,,42085001.77,,,,0,0,,,,,,,,317725.99,,,,54845512.51,,4659207.54,,,,,53321150.34,64086036.84,38280000,,,,,,,,,,,,,915332.27,3263089.0,0,,,,,,,,,5774598.57,,,,,,,,60000000,,,45100000,,,1969442.32,,4993841.92,5531994.18,197582439.54,170054238.69,131662795.51,65919644.03,197582439.54,131662795.51,27528200.85,,22515332.27,3263089.0,65919644.03,,,,,,828133.64,,,,-48.3733173063,-4.0164566795,,-63.6423282654,,,,,,,,,,,,,,,,-93.4745843271,,,,,,,,-100.0,,-100.0,,,,,,,,,,,,,,,,,,,99.8155389032,,,,,,,,,,,51.8825080737,,,,,37.7818829695,,,,,,,,,,,,,-33.3333620093,,,,150.1979925331,,,,,,,2.2821152633,-4.0164566795,66.4564943253,,,,,,,,,,,,,-96.1286150449,-75.6442589015,,,,,,,,,,-51.497706078,,,,,,,,100,,,126.6331658291,,,357.1862580295,,-15.1383097144,343.0290672382,22.6888908989,17.412253999,23.7833645484,20.5598021159,22.6888908989,23.7833645484,69.8402233772,,-4.7717190081,-75.6442589015,21.5602437317,,,,,,-95.0842509053,,,标准无保留意见,,0
600565.SH,600565,迪马股份,10002631,通用,1999-12-31 00:00:00,年报,1999年报,058001001,2002-07-08 00:00:00,2002-07-08 00:00:00,CNY,,29134450.55,66767733.95,,8869865,,,,,,,,,0,,,,,,,1496739.44,3127185.22,,,,,,0,298493.8,0,141200,,,,,,,,,,,,,,,,,,7108268.48,,,,,,,,,,,,5496250,,,,,30544655.7,,,,0,0,,,,,,,,476589.19,,,450000,21920844.35,,0,,,,,52131450.55,66767733.95,22997000,,,,,,,,,,,,,23643535.34,13397617.37,0,,,,,,,,,11905825.69,,,,,,,,30000000,,,19900000,,,430774.61,,5884683.54,1248675.22,161043463.75,144835170.86,106365500.72,54677963.03,161043463.75,106365500.72,16208292.89,,23643535.34,13397617.37,54227963.03,,,,,,16846540.05,,,,,,,,,,,,,,,,,,,,,,,,,,,,,,,,,,,,,,,,,,,,,,,,,,,,,,,,,,,,,,,,,,,,,,,,,,,,,,,,,,,,,,,,,,,,,,,,,,,,,,,,,,,,,,,,,,,,,,,,,,,,,,,,,,,,,,,,,,,,,,,,,,,,,,,,,,,标准无保留意见,,0
