002848.SZ,002848,高斯贝尔,10336232,通用,2023-03-31 00:00:00,一季报,2023一季报,058001001,2023-04-25 00:00:00,2023-04-25 00:00:00,CNY,,107508065.1,156162166.99,,,,,,,,,,,0,,,,,,,241704852.52,275229.36,,,66706318.55,,,0,,0,,8951833.33,,33031018.76,258165.75,,,,,,,,0,,,,,2000000.0,130275533.05,,,,,,,,,,,,16560498.78,,,,,129249925.67,,2453263.78,,0,,,,,,,,,529260.03,5333093.11,,1081054.77,14643231.59,,0,,9215485.39,0,,107508065.1,159791892.07,,3629725.08,,-826457.74,,4251381.56,7714208.78,3126341.36,,,2026136.6,,,,,0,,,,,,,,,13513542.26,,,,,,,,167150000,,,5085798.78,,,23251168.11,,31300427.78,606465.91,564225307.02,369080964.64,350375298.66,202186745.5,564225307.02,362038561.52,195144342.38,11663262.86,130287788.04,45630991.49,201105690.73,,,,,,-238223131.83,,3987231.33,,-34.1933449225,-24.5500113535,,,,,,,,,,,,,,,,,,0,0.0,,,42.5355663899,,,,,,,,-21.6732532591,-2.8109558949,-8.1837648072,,,,,,,,,,,,,,,-12.4358437797,,,,,,,,,,,-18.5445155308,,,,,27.6791862018,,91.2856449431,,,,,,,,,,,-32.5909812505,-57.3514717964,,-2.9350635432,-57.6196160509,,,,-43.817736748,,,-37.9890886646,-23.4934500262,,92.4562608696,,-446.7000220345,,-42.3209251919,52.4556593164,-5.1374277504,,,11.4169977882,,,,,,,,,,,,,,5.5043581756,,,,,,,,0,,,-89.3713714107,,,98.93912583,,0,-25.8022412262,-12.4186655945,-12.1229329762,0.8921236736,-26.9658449451,-12.4186655945,-1.4570038142,-12.9725835564,-42.0151050643,187.674246561,-17.2978556542,-27.0629132104,,,,,,-45.0111044808,,62.1124841436,,,0
002848.SZ,002848,高斯贝尔,10336232,通用,2022-12-31 00:00:00,年报,2022年报,058001001,2023-04-25 00:00:00,2023-04-25 00:00:00,CNY,,112586970.85,163576772.86,,,,,,,,,,,0,,,,,,,241704852.52,275229.36,,,52159667.23,,,0,,0,,9520333.33,,33519244.73,259489.73,,,,,,,,0,,,,,,135465502.26,,,,,,,,,,,,17232822.66,,,,,139629865.29,,2408376.85,,0,,,,,,,,,567985.08,7147544.2,,1452272.82,13821397.38,,0,,13233101.32,0,,112586970.85,175414059.96,,11837287.1,,-884690.18,,7969070.19,5775835.85,3126341.36,,,2043066.6,,,,,0,,,,,,,,,7107827.9,,,,,,,,167150000,,,39904072.49,,,23272826.34,,31300427.78,1614677.26,592585085.91,388630451.8,357814747.54,222582138.46,592585085.91,370002947.45,203954634.11,12188199.91,109267596.2,44688231.08,221129865.64,,,,,,-218140724.48,,4576897.86,,-43.6572287556,-24.7087365798,,,,,,,,,,,,,,,,,,0,0.0,,,75.3942026836,,,,,,,,-21.0913109168,-7.1246075067,-1.8101402165,,,,,,,,,,,,,,,-16.9915608076,,,,,,,,,,,-18.0048371963,,,,,-11.688360462,,-87.6573923228,,,,,,,,,,,-72.2338128458,-42.4955473948,,27.6549500617,-36.152663378,,,,-40.906116601,,,-45.2996752282,-19.3785984559,,3611.9119159611,,-18.7686867762,,-40.7655351108,141.3288489738,-5.1374277504,,,-11.4270740183,,,,,,,,,,,,,,22.8624769107,,,,,,,,0,,,-22.5614739181,,,17.3724334394,,0,14.1940031738,-14.8700981743,-9.578423104,-15.8390311041,-2.2943084923,-14.8700981743,-20.9878833915,-23.4107701978,-71.7415202313,18.7268427201,237.926447324,-2.4446228394,,,,,,-2.5389993471,,-82.150628591,标准无保留意见,,0
002848.SZ,002848,高斯贝尔,10336232,通用,2022-09-30 00:00:00,三季报,2022三季报,058001001,2022-10-26 00:00:00,2022-10-26 00:00:00,CNY,,149718721.7,215387193.88,,,,,,,,,,,0,,,,,,,241704852.52,299677.36,,,67678668.03,,,0,,0,,10156499.98,,33939595.0,268712.56,,,,,,,,0,,,,,,140209113.54,,,,,,,,,,,,18984429.7,,,,,138848082.07,,1050672.8,,0,,,,,,,,448445.91,606710.13,8773434.04,,1045952.13,15436477.83,,0,,15156033.03,0,,149718721.7,215680928.31,,293734.43,,-918204.72,,6275073.83,7677793.24,3295653.16,,,2122211.6,,,,,0,,,,,,,,,19795238.47,,,,,,,,167150000,,,40000000.0,,,16361521.68,,31300427.78,1955345.66,656315431.22,446980548.53,387199800.66,257191299.31,656315431.22,399124131.91,209334882.69,11924331.25,88651717.32,50944748.02,256145347.18,,,,,,-183091728.4,,1104058.16,,-29.1209913516,-16.5270407421,,,,,,,,,,,,,,,,,,0,-62.9764187311,,,203.5871825994,,,,,,,,-20.3600848298,-19.7479810432,-9.8504284874,,,,,,,,,,,,,,,1.0975225086,,,,,,,,,,,-14.2324429621,,,,,-12.1598745332,,-95.1450872487,,,,,,,,,,-97.6725081135,-73.5427848391,-71.10165478,,-6.8323565441,-18.4630000044,,,,109.4505995468,,,-32.477437906,-17.0805417057,,-85.8553611064,,-183.7518213393,,-25.3287866037,208.0680566423,-12.7570998668,,,-93.3497728815,,,,,,,,,,,,,,119.6947446719,,,,,,,,0,,,-35.2436457827,,,1.680161723,,0,45.6938669515,-14.3355980798,-4.1663545774,-8.3139448227,-11.1820707603,-14.3355980798,-16.2517070465,-30.1598391276,-78.0258965433,-0.786491254,328.4987009343,-11.1990000527,,,,,,-20.9460565719,,-95.9663334192,,,0
002848.SZ,002848,高斯贝尔,10336232,通用,2022-06-30 00:00:00,中报,2022中报,058001001,2022-08-10 00:00:00,2022-08-10 00:00:00,CNY,,145126523.96,194969228.42,,,,,,,,,,,0,,,,,,,241704852.52,275229.36,,,65224353.94,,,0,,0,,10792666.65,,33812098.44,262225.33,,,,,,,,0,,,,,,144810944.46,,,,,,,,,,,,19657167.99,,,,,146848228.54,,967932.2,,0,,,,,,,,3113153.37,685829.96,10108600.66,,1172086.81,26999940.0,,0,,16693680.42,0,,165126523.96,195046023.75,20000000.0,76795.33,,-739197.57,,7122695.26,7092166.49,3295653.16,,,1755861.6,,,,,0,,,,,,,,,21257203.8,,,,,,,,167150000,,,47850000.0,,,12706754.0,,31300427.78,1894368.31,665768165.27,449566925.03,386639412.35,263992775.37,665768165.27,401775389.9,216201240.24,15135977.55,70051565.23,52292833.68,262820688.56,,,,,,-176595394.17,,1799854.61,,-22.1388971933,-22.8180760017,,,,,,,,,,,,,,,,,,0,-64.7999283796,,,110.8125087588,,,,,,,,-19.4376844368,-13.5218438977,-2.1708219719,,,,,,,,,,,,,,,2.722213401,,,,,,,,,,,-13.7522069738,,,,,-1.7399626449,,-95.8119127865,,,,,,,,,,-70.3509202857,-59.9661600994,-69.4086120761,,-21.3333792591,-6.4901471803,,,,132.9590060438,,,-15.7911109634,-23.2187614977,106.1855670103,-94.5852889996,,-309.9547057348,,54.2519030346,101.4544078814,-12.7570998668,,,-94.7068181294,,,,,,,,,,,,,,50.6471215496,,,,,,,,0,,,-28.4908994395,,,-6.1297923315,,0,44.709403242,-13.4285849078,-3.1754185513,-4.9538565509,-16.0846695876,-13.4285849078,-11.5898831854,-29.0511961227,-68.2376078821,-19.770182226,295.2040538287,-16.0596930152,,,,,,-39.1932114791,,-93.8730433718,,,0
002848.SZ,002848,高斯贝尔,10336232,通用,2022-03-31 00:00:00,一季报,2022一季报,058001001,2022-04-29 00:00:00,2022-04-29 00:00:00,CNY,,163369593.81,206974407.54,,,,,,,,,,,0,,,,,,,241704852.52,275229.36,,,46799770.92,,,0,,0,,11428833.32,,33986360.36,281176.58,,,,,,,,0,,,,,,148777237.94,,,,,,,,,,,,20330735.11,,,,,101230223.59,,1282513.27,,0,,,,,,,,7121789.14,785147.21,12504753.0,,1113743.86,34551908.75,,0,,16402837.58,0,,173369593.81,208860407.54,10000000.0,1886000.0,,-151172.07,,7370752.0,5059968.79,3295653.16,,,1818516.6,,,,,0,,,,,,,,,12808515.68,,,,,,,,167150000,,,47850000.0,,,11687579.31,,31300427.78,817364.19,644230087.21,419996908.34,347277156.93,276838617.97,644230087.21,367391469.24,224233178.87,20114312.31,45290042.33,55175100.78,275724874.11,,,,,,-164279234.12,,2459546.13,,-19.6248798427,-27.201744115,,,,,,,,,,,,,,,,,,0,-62.902174628,,,102.5192493217,,,,,,,,-18.7302043314,-16.9305173036,2.2587686742,,,,,,,,,,,,,,,2.8230185473,,,,,,,,,,,-13.2988364251,,,,,-20.6856941801,,-95.6498289138,,,,,,,,,,,-57.5421564245,-53.3696015242,,67.6784958532,21.653654242,,,,5595.4297152778,,,-20.6307570771,-27.136373215,-34.1035231398,-19.1710096463,,-1376.4771894869,,246.4346745597,62.9460279334,-12.7570998668,,,-94.1533497576,,,,,,,,,,,,,,45.3295471064,,,,,,,,0,,,-22.6674911343,,,-3.5913957199,,0,-13.6751347177,-16.2569419815,-10.0160301595,-9.8459401379,-18.5338429679,-16.2569419815,-14.4553460446,-25.8849319433,-54.5636417727,-30.6668204348,320.3466093569,-18.7026838614,,,,,,-62.6706510235,,-91.5778863067,,,0
002848.SZ,002848,高斯贝尔,10336232,通用,2021-12-31 00:00:00,年报,2021年报,058001001,2022-04-29 00:00:00,2023-04-25 00:00:00,CNY,,199825050.07,217258637.23,,,,,,,,,,,0,,,,,,,241704852.52,275229.36,,,29738535.5,,,0,,0,,12064999.99,,36090555.13,264273.45,,,,,,,,0,,,,,,163194855.34,,,,,,,,,,,,21016877.18,,,,,158110375.96,,19512706.82,,0,,,,,,,233500,11055643.6,2045599.84,12429549.15,,1137654.92,21647570.77,,0,,22393352.0,0,,205825050.07,217577537.23,6000000.0,318900.0,,-744885.04,,13453434.93,2393346.62,3295653.16,,,2306649.1,,,,,0,,,,,,,,,5785190.14,,,,,,,,167150000,,,51530000.0,,,19828187.64,,31300427.78,1413977.28,696095112.53,429798356.92,425155214.15,227808774.52,696095112.53,468286338.01,266296755.61,43131123.86,92032765.04,13224247.89,226671119.6,,,,,,-212739275.66,,25641787.35,,-13.6028840256,-26.592997872,,,,,,,,,,,,,,,,,,0.0,,,,-0.2674790923,,,,,,,,-18.0904750359,-11.279324037,-3.8885899021,,,,,,,,,,,,,,,9.6236642642,,,,,,,,,,,-12.8180410599,,,,,14.0648630202,,,,,,,,,,,-55.2253116012,,-0.0865719444,-64.2134704416,,71.8709251837,-65.5209559758,,,,7675.4694444444,,,-19.7444359362,-27.0047337852,-76.1671333446,-84.8596344975,,-164.8598422742,,627.3288985564,-44.2798850783,,,,-91.8056084879,,,,,,,,,,,,,,-0.1823292296,,,,,,,,0,,,-28.3727541091,,,0.1293212383,,0,58.9947859779,-13.0005442304,-17.5891569631,-1.5009619802,-35.4565846944,-13.0005442304,4.7245573808,-4.4102671457,177.7969603042,91.1914286467,-8.2665197162,-35.6582429077,,,,,,-142.9039536266,,,标准无保留意见,,0
002848.SZ,002848,高斯贝尔,10336232,通用,2021-09-30 00:00:00,三季报,2021三季报,058001001,2021-10-27 00:00:00,2021-10-27 00:00:00,CNY,,211231399.19,258032296.68,,,,,,,,,,,0,,,,,,,241704852.52,809422.94,,,22292992.56,,,0,,0,,12753027.12,,42291266.24,298074.14,,,98499.77,,,,,0,,,,,,138686992.58,,,,,,,,,,,,22134744.6,,,,,158069084.41,,21641435.26,,0,,,,,,,305500,19267345.79,2293174.57,30359641.61,,1122655.99,18931868.76,,0,,7236089.59,0,,221731399.19,260108945.17,10500000.0,2076648.49,,-323594.3,,8403605.01,2492239.32,3777560.3,,,31911866.5,,,,,0,,,,,,,,,9010337.73,,,,,,,,167150000,,,61770000.0,,,16091164.1,,31300427.78,1342091.95,766147216.94,466412966.51,422310459.22,289571375.41,766147216.94,476575841.53,299734250.43,54265382.31,89354482.51,11889125.43,288448719.42,,,,,,-151382966.58,,27371081.32,,2.6708355513,-35.1187629115,,,,,,,,,,,,,,,,,,0.0,-96.0622805317,,,-10.8985987114,,,,,,,,-17.3696207107,-18.3196792892,4.6971070498,,,,,,,,,,,,,,,7.7164734788,,,,,,,,,,,41.5647966265,,,,,6.550194735,,,,,,,,,,,-48.5256950295,,282.5070012385,-32.502660636,,944.571207396,-61.7465525076,,,,2412.5311076389,,,-4.3271246238,-34.6963626913,-59.6517375463,241.7957585134,,-635.9527435419,,375.5229823098,,,,,24.4626169865,,,,,,,,,,,,,,-58.6667767053,,,,,,,,0,,,-7.5454746945,,,51.8267744049,,0,-39.7204090852,-21.1945242731,-29.5789791073,10.5724812028,-49.548295945,-21.1945242731,19.6696352626,-3.274036799,232.6710307959,97.5684217048,-72.0944005146,-49.7555314771,,,,,,-212.9899129319,,,,,0
002848.SZ,002848,高斯贝尔,10336232,通用,2021-06-30 00:00:00,中报,2021中报,058001001,2021-08-30 00:00:00,2021-08-30 00:00:00,CNY,,186391559.75,252609961.4,,,,,,,,,,,0,,,,,,,241704852.52,781900.0,,,30939508.44,,,0,,0,,13396668.87,,39099004.84,268044.09,,,,,,,,0,,,,,,140973349.06,,,,,,,,,,,,22791502.6,,,,,149448577.97,,23111557.87,,0,,,,,,,377500,10500000.0,1713125.6,33043942.58,,1489941.73,28873898.51,,0,,7165930.48,0,,196091559.75,254028233.4,9700000.0,1418272.0,,-180312.01,,4617573.67,3520482.16,3777560.3,,,33172138.1,,,,,0,,,,,,,,,14110594.07,,,,,,,,167150000,,,66914560.0,,,13536514.21,,31300427.78,1309084.46,769039254.54,464310734.22,406791268.24,314594215.47,769039254.54,454445039.07,304728520.32,47653770.83,87313628.74,13231856.6,313104273.74,,,,,,-126870694.55,,29375997.24,,-5.3532206904,-42.8407321883,,,,,,,,,,,,,,,,,,0.0,-92.1879215406,,,34.7826993831,,,,,,,,-16.7942889999,-24.4851351416,6.7896231903,,,,,,,,,,,,,,,6.1863047394,,,,,,,,,,,44.2760805688,,,,,-10.2027678451,,,,,,,,,,,-43.2757325319,,619.5282491994,-55.2846166115,,832.7881160136,30.5578279149,,,,2388.1703055556,,,-13.7787299331,-42.5798788008,-68.1909074958,206.7837802205,,36.5451334116,,51.1586578844,,,,,7.929767389,,,,,,,,,,,,,,-44.1455786598,,,,,,,,0,,,4.2143523987,,,2.2071804126,,0,-31.7188791941,-25.922049477,-33.7612203149,19.2642052454,-53.7393680689,-25.922049477,26.9040514596,-9.6253317388,180.0335920755,690.6869180081,-68.2686351783,-53.9722235685,,,,,,-152.77931391,,,,,0
002848.SZ,002848,高斯贝尔,10336232,通用,2021-03-31 00:00:00,一季报,2021一季报,058001001,2021-04-28 00:00:00,2021-04-28 00:00:00,CNY,,203258910.83,284312316.31,,,,,,,,,,,0,,,,,,,241704852.52,741901.6,,,23108801.3,,,0,,0,,14062830.14,,40913172.03,274965.74,,,,,,,,0,,,,,,144692540.68,,,,,,,,,,,,23449206.76,,,,,127631733.7,,29481904.15,,0,,,,,,,449500,,1849239.49,26816740.6,,664213.89,28401866.73,,0,,288000.0,0,,218434228.96,286645637.55,15175318.13,2333321.24,,-10238.7,,2127602.27,3105303.55,3777560.3,,,31103564.0,,,,,0,,,,,,,,,8813428.47,,,,,,,,167150000,,,61875659.67,,,12122962.88,,31300427.78,946846.76,769293721.12,466746365.03,385204124.43,339820396.66,769293721.12,429473324.46,302547356.09,44269200.03,65322321.31,13126096.31,339156182.77,,,,,,-100988858.83,,29203430.63,,-11.5898233896,-39.9219236795,,,,,,,,,,,,,,,,,,21.9496222367,-92.5872581521,,,-1.6881429033,,,,,,,,-15.9849006739,-10.2762182716,9.0015239122,,,,,,,,,,,,,,,6.0181956711,,,,,,,,,,,46.9384588986,,,,,-23.669670818,,,,,,,,,,,-39.0508474576,,2077.994982427,-66.2367609615,,577.8541946404,18.0061361576,,,,0.0,,,-12.2417263866,-39.6566109568,-20.1299045789,30.6417455719,,93.0342696219,,-74.2923298006,,,,,7.0705669613,,,,,,,,,,,,,,55.569910922,,,,,,,,0,,,4.3682176141,,,7.4927783749,,0,-68.6365548076,-26.0875809332,-33.5318662888,6.792480667,-48.6975517876,-26.0875809332,13.4876927719,-10.6494663317,149.7104296901,352.9172508181,-40.247354626,-48.8085700245,,,,,,-137.9626966649,,,,,0
002848.SZ,002848,高斯贝尔,10336232,通用,2020-12-31 00:00:00,年报,2020年报,058001001,2021-04-27 00:00:00,2022-04-29 00:00:00,CNY,,231286713.47,295964459.7,,,,,,,,,,,0,,,,,,,241704852.52,,,,29818293.2,,,0,,0,,14729666.66,,40678855.0,274965.74,,,,,,,,0,,,,,,148868272.59,,,,,,,,,,,,24106910.92,,,,,138614444.25,,,,0,,,,,,,521500,,2047372.29,34732479.8,,661924.01,62784718.61,,0,,288000.0,0,,256462031.6,298070749.67,25175318.13,2106289.97,,-281237.44,,1849704.44,4295300.94,,,,28149120.0,,,,,0,,,,,,,,,5795757.5,,,,,,,,167150000,,,71941897.75,,,19802578.7,,31300427.78,889323.05,800114329.88,521531319.28,431633874.5,352954322.98,800114329.88,447160006.9,278583010.6,15526132.4,48136449.26,14415944.81,352292398.97,,,,,,-87581643.89,,,,-6.5190648361,-38.9101159455,,,,,,,,,,,,,,,,,,21.9496222367,,,,,,,,,,,,-15.5134504934,-9.5037215632,28.6815114371,,,,,,,,,,,,,,,4.9123037472,,,,,,,,,,,49.5475309734,,,,,-14.0571195578,,,,,,,,,,,-35.5775169858,,1653.709886684,-60.7063378379,,1158.4987124574,88.6290603329,,,,0.0,,,-1.280857543,-38.6600116999,103.4591376741,44.4217827017,,-115.1387486972,,-80.4346573291,,,,,-6.9549491092,,,,,,,,,,,,,,36.610060209,,,,,,,,0,,,21.3168718209,,,51.3583068245,,0,-78.2621113322,-25.0157946489,-27.0135286235,16.1247641348,-47.8563124632,-25.0157946489,14.610597462,-20.9659801958,-15.8817728063,219.0029375784,-29.1902274467,-47.9500573263,,,,,,-131.2440038346,,,标准无保留意见,,0
002848.SZ,002848,高斯贝尔,10336232,通用,2020-09-30 00:00:00,三季报,2020三季报,058001001,2020-10-28 00:00:00,2020-10-28 00:00:00,CNY,,205736515.2,397699409.35,,,,,,,,,,,0,,,,,,,241704852.52,20555627.35,,,25019800.18,,,0,,0,,15433823.77,,51776567.32,284701.41,,,,,,,,0,,,,,,128751887.34,,,,,,,,,,,,15635769.01,,,,,148351755.53,,,,0,,,,,,21941727.53,593500,,599511.79,44979019.76,,-132926.15,49490621.11,,0,,288000,0,,231759940.65,398306979.35,26023425.45,607570.0,,-43969.44,,1767234.25,,,,,25639720.0,,,,,0,,,,,,,,,21799262.22,,,,,,,,167150000,,,66811224.0,,,10598370.52,,31300427.78,2226445.02,972200484.64,662320654.54,381930887.89,573957571.57,972200484.64,398242913.07,309879830.1,16312025.18,45227107.52,42604802.08,574090497.72,,,,,,133979186.86,,,,-15.0197091059,-16.8535246017,,,,,,,,,,,,,,,,,,21.9496222367,,,,,,,,,,,,-10.5534254028,11.2110531602,33.2377180774,,,,,,,,,,,,,,,-10.6807643925,,,,,,,,,,,-3.9647177203,,,,,-10.2642916332,,,,,,,,,,8.15342e-05,-32.6715825298,,91.843324654,-55.9808592506,,,171.7614769425,,,,0,,,-17.2626025178,-16.726500767,-31.5461264728,,,-132.0690371946,,-76.685991664,,,,,0.0,,,,,,,,,,,,,,55.5648442487,,,,,,,,0,,,13.0481083054,,,-14.0550380371,,0,313.181074559,-8.4750087709,-6.0755554803,-5.7364923127,-10.1366576725,-8.4750087709,-5.9691369469,-13.2137146556,-11.1060089909,159.7888471117,97.9125624462,-10.1158457019,,,,,,-44.6166376395,,,,,0
002848.SZ,002848,高斯贝尔,10336232,通用,2020-06-30 00:00:00,中报,2020中报,058001001,2020-08-28 00:00:00,2020-08-28 00:00:00,CNY,,196933864.11,441940513.01,,,,,,,,,,,0,,,,,,,241704852.52,10008860.05,,,22955103.72,,,0,,0,,16100660.29,,51776567.32,251002.0,,,,,,990150.0,,0,,,,,,132760386.95,,,,,,,,,,,,15797145.66,64248.02,,,,166428935.93,,,,0,,,,,,21969199.44,665500,,238090.11,73898376.97,,-203325.04,22115792.65,,0,,288000,0,,227428289.56,442402816.46,30494425.45,462303.45,,-284157.89,,3054786.1,,,,,30734929.67,,,,,0,,,,,,,,,25263164.01,,,,,,,,167150000,,,64208584.0,,,13244191.02,,31300427.78,1917198.26,1038148665.17,700965109.0,341084122.77,680047380.11,1038148665.17,358101285.06,337183556.17,17017162.29,11042756.21,41699613.85,680250705.15,,,,,,240379582.74,,,,-23.7836695884,-3.8725255058,,,,,,,,,,,,,,,,,,21.9496222367,,,,,,,,,,,,-9.8270383883,14.4795279562,17.4666950644,,,,,,-4.8069989905,,,,,,,,,-9.4531453384,,,,,,,,,,,-3.9240530711,-37.1395920747,,,,-8.2690275166,,,,,,,,,,-0.0802710311,-30.2045097011,,-53.1554978419,-33.4232637493,,,-23.2530661462,,,,0,,,-23.8755864586,-3.7928950668,-24.4638903939,362.30345,,-223.3382150732,,-58.1509375311,,,,,19.872329612,,,,,,,,,,,,,,76.7017200325,,,,,,,,0,,,-9.2434163064,,,21.9056813957,,0,142.9344136803,-3.678616635,-1.3244640247,-19.3517803849,6.9516006041,-3.678616635,-18.9725832259,-8.2301242849,-10.5418667331,-9.445555203,123.2052838064,6.9835776973,,,,,,0.5921644187,,,,,0
002848.SZ,002848,高斯贝尔,10336232,通用,2020-03-31 00:00:00,一季报,2020一季报,058001001,2020-04-30 00:00:00,2020-04-30 00:00:00,CNY,,229904428.0,473238049.09,,,,,,,,,,,0,,,,,,,198200575.03,10008464.01,,,23505609.58,,,0,,0,,16738455.65,,45599027.64,252258.62,,,,,,990150.0,,0,,,,,,136478969.26,,,,,,,,,,,,15958522.32,,,,,167209725.24,,,,0,,,,,,22001882.87,737500,,84905.59,79425852.98,,-138999.28,24068127.01,,0,,288000,0,,248904428.0,475024094.76,19000000.0,1786045.67,,-146986.74,,8276138.03,,,,,29049593.07,,,,,0,,,,,,,,,5665252.63,,,,,,,,167150000,,,59285921.6,,,11277932.4,,31300427.78,3018950.1,1040817944.85,702210727.11,360703414.72,662386315.86,1040817944.85,378431628.99,338607217.74,17728214.27,14422573.04,21967389.44,662525315.14,,,,,,266021299.07,,,,,3.8163766146,,,,,,,,,,,,,,,,,,47.8878847586,2392.4366869372,,,,,,,,,,,-9.3052765178,13.2401458514,18.0547820053,,,,,,-13.1561636627,,,,,,,,,-10.6914929643,,,,,,,,,,,-4.4323566624,,,,,-10.1915742792,,,,,,,,,,-5.3247855213,-28.083861531,,-89.7632563462,-36.0934225467,,,-27.2567932045,,,,0,,,-11.4911303195,4.2081895516,,,,-135.7544211533,,-0.3732897367,,,,,13.2991821674,,,,,,,,,,,,,,-72.5757194623,,,,,,,,0,,,-38.7636011173,,,6.0759889298,,0,334.9926649428,-6.1196551859,-3.0746844964,-29.2604511477,14.3887600273,-6.1196551859,-28.5436703671,-11.8618890934,-9.9862189389,-83.9301054992,8.7569676182,14.4127640789,,,,,,8.0581132511,,,,,0
002848.SZ,002848,高斯贝尔,10336232,通用,2019-12-31 00:00:00,年报,2019年报,058001001,2020-04-28 00:00:00,2021-04-27 00:00:00,CNY,,247415917.55,484473762.36,,20055980.07,,,,,,,,,0,,,,,,,198200575.03,8716316.22,,,,,,0,,0,,17434333.33,,44950859.53,213679.29,,,,,,990150.0,,0,,,,,,141897820.63,,,,,,,,,,,,16119898.98,,,,,161286709.89,,,,0,,,,,,22038009.19,809500,,116745.21,88392066.02,,52596.32,33284753.95,,0,,288000,0,,259789565.85,485932191.92,12373648.3,1458429.56,,-130723.75,,9453984.38,,,,,30253215.76,,,,,0,,,,,,,,,4242555.41,,,,,,,,167150000,,,59300818.32,,,13083245.39,,31300427.78,4091119.72,1067043820.94,714558889.4,371698386.4,676887921.92,1067043820.94,390155899.02,352484931.54,18457512.62,15089657.05,20358693.85,676835325.6,,,,,,280315046.54,,,,-18.6358241086,-0.5547239044,,-22.1143796348,,,,,,,,,,,,,,,,47.8878847586,2496.2422930576,,,,,,,,,,,-8.5116059418,12.3359215699,0.0,,,,,,-13.1561636627,,,,,,,,,-8.3890371841,,,,,,,,,,,-3.569740181,,,,,-18.4444649205,,,,,,,,,,-0.223535588,-26.2414578588,,-88.9309763971,-32.9940023236,,,-27.5006856589,,,,0,,,-17.4474322684,-0.4320033241,16.6078061026,68.741548631,,-73305.8856470852,,46.2020053062,,,,,13.6834039577,,,,,,,,,,,,,,-69.5131899718,,,,,,,,0,,,-41.75621322,,,26.0690879717,,0,-56.6772170387,-8.4423007302,-7.4170355299,-31.47552953,12.3215477396,-8.4423007302,-30.6758156904,-10.4525767768,-9.3776792269,-81.1523247468,3.3047846758,12.3128200022,,,,,,3.7578880214,,,标准无保留意见,,0
002848.SZ,002848,高斯贝尔,10336232,通用,2019-09-30 00:00:00,三季报,2019三季报,058001001,2019-10-25 00:00:00,2019-10-25 00:00:00,CNY,,242099095.02,478311807.5,,35391117.5,,,,,,,,,0,,,,,,,198200575.03,,,,,,,0,,0,,17254795.77,,46557033.54,213679.29,,,,,,990150.0,,0,,,,,,144147995.07,,,,,,,,,,,,16281275.63,90480.79,,,,165320760.52,,,,0,,,,,,21941709.64,881500,,312500.73,102180594.61,,,18211050.98,199422.34,0,,288000,0,,280115096.32,478311807.5,38016001.3,,,137108.7,,7580139.05,,,,,25639720.0,,,,,0,,,,,,,,,14012974.67,,,,,,,,167150000,,,59099816.0,,,12331578.58,,31300427.78,538854.55,1062224067.53,705163238.31,405173642.76,638700449.71,1062224067.53,423523617.82,357060829.22,18349975.06,17409179.81,21527083.25,638700449.71,,,,,,241912338.2,,,,,-19.7793279415,,-0.0627409118,,,,,,,,,,,,,,,,47.8878847586,,,,,,,,,,,,-12.4225772032,71.9921377695,2.275077604,,,,,,,,,,,,,,,-8.142935989,,,,,,,,,,,-2.9223396014,,,,,-31.1304046559,,,,,,,,,,4.9599094671,-24.6259085079,,-77.261333127,-14.7264300079,,,-39.8230644966,-10.4654962846,,,0,,,-33.96907492,-19.8443917546,,,,-66.3759387654,,-88.3515810051,,,,,0.0,,,,,,,,,,,,,,14.5693172435,,,,,,,,0,,,-46.1135660769,,,21.4753215845,,0,-88.8135117885,-20.6037603192,-27.1965739942,-39.4147213863,-1.4397481401,-20.6037603192,-38.6061157759,-3.3120092598,-12.953918254,-79.3247943305,-10.3656486709,-1.4397481401,,,,,,-23.2393324594,,,,,0
002848.SZ,002848,高斯贝尔,10336232,通用,2019-06-30 00:00:00,中报,2019中报,058001001,2019-08-22 00:00:00,2019-08-22 00:00:00,CNY,,258388016.12,459744225.4,,29285388.75,,,,,,,,,0,,,,,,,198200575.03,,,,,,,0,,0,,17855308.29,,45227795.96,213679.29,,,,,,1040150.0,,0,,,,,,146620650.1,,,,,,,,,,,,16442352.29,102207.45,,,,181431561.69,,,,0,,,,,,21986848.51,953500,,508256.25,110997295.95,,,28816516.23,2669.72,0,,288000,0,,298758675.41,459844225.4,40370659.29,100000.0,,230389.17,,7299532.94,,,,,25639720.0,,,,,0,,,,,,,,,14297067.4,,,,,,,,167150000,,,70748128,,,10864293.5,,31300427.78,789183.48,1077796672.87,710373753.81,422928273.43,635845911.86,1077796672.87,441950761.01,367422919.06,19022487.58,12194604.29,18682180.43,635845911.86,,,,,,238964519.88,,,,-25.2397343215,-15.7675649485,,-31.3181264938,,,,,,,,,,,,,,,,47.8878847586,,,,,,,,,,,,-12.0355942977,67.0816356261,34.2772550491,,,,,,-8.7707757751,,,,,,,,,-8.4825117693,,,,,,,,,,,-2.9110834224,-39.790252069,,,,-27.6630455626,,,,,,,,,,4.9480809837,-23.1977446637,,-66.4781646957,-11.4765609728,,,-56.386575755,-92.3074795277,,,0.0,,,-30.3750122109,-17.1905982688,-51.6373063255,-98.9473795844,,-64.8452078066,,-91.189474976,,,,,0.0,,,,,,,,,,,,,,-19.3965143037,,,,,,,,0,,,-46.8822916776,,,-15.1949110778,,0.0,-84.0390198718,-21.5456661554,-28.6641438676,-40.0572409153,-1.6534468279,-21.5456661554,-39.2300827731,-2.7911576582,-12.3345906455,-85.2334970375,-18.780247759,-1.6534468279,,,,,,-23.7532437522,,,,,0
002848.SZ,002848,高斯贝尔,10336232,通用,2019-03-31 00:00:00,一季报,2019一季报,058001001,2019-04-25 00:00:00,2019-04-25 00:00:00,CNY,,,455841423.6,,30505892.31,,,,,,,,,0,,,,,,,134020832.98,401553.39,,,,,,0,,0,,18455820.81,,40267545.84,213679.29,,,,,,1140150.0,,0,,,,,,152817434.52,,,,,,,,,,,,16698666.79,135114.74,,,,186184897.35,,,,0,,,,,,23239327.2,1025500,,829419.91,124284316.49,,,33086425.62,210100.97,0,,288000,0,,281219756.73,455841423.6,,,,411100.88,,8307147.76,,,,,25639720.0,,,,,0,,,,,,,,,20657798.56,,,,,,,,167150000,,,96814840,,,10631937.08,,31300427.78,694023.22,1108664382.21,724486398.07,509903470.65,579065911.46,1108664382.21,529598470.75,384177984.14,19695000.1,89749021.31,20198604.21,579065911.46,,,,,,246183549.82,,,,,-23.342172097,,-56.4695347591,,,,,,,,,,,,,,,,28.2506551459,-79.7217525754,,,,,,,,,,,-12.4378403331,83.3400387047,34.2772550491,,,,,,0.0,,,,,,,,,-0.2294124375,,,,,,,,,,,-1.4730778005,-0.5162796441,,,,-15.5054506831,,,,,,,,,,7.0103152122,-21.9261515036,,-49.5544362959,-13.2498807627,,,-54.9142223632,-18.9014614846,,,0.0,,,-33.1985933837,-23.4134038158,,,,-39.9567029018,,-91.3312864171,,,,,0.0,,,,,,,,,,,,,,66.1325757605,,,,,,,,0,,,-29.9069545955,,,14.6305809446,,0.0,-89.4317030756,-21.1406799247,-28.9404076256,-32.9001043195,-7.113030887,-21.1406799247,-32.3168265272,-0.5566599403,-12.6608550678,-21.6886811982,-8.5651514302,-7.113030887,,,,,,-23.0134993425,,,,,0
002848.SZ,002848,高斯贝尔,10336232,通用,2018-12-31 00:00:00,年报,2018年报,058001001,2019-04-23 00:00:00,2020-04-28 00:00:00,CNY,,304084586.17,487176245.45,,25750555.72,,,,,,,,,0,,,,,,,134020832.98,335728.15,,,,,,0,,0,,19056333.33,,40014679.99,213679.29,,,,,,1140150.0,,0,,,,,,154891746.87,,,,,,,,,,,,16716639.58,132291.41,,,,197763045.43,,,,0,,,,,,22087382.35,1097500,,1054701.97,131916647.89,,,45910439.64,,0,,288000,0,,314695924.05,488040543.29,10611337.88,864297.84,,178.57,,6466384.89,,,,,26611813.78,,,,,0,,,,,,,,,13916035.84,,,,,,,,167150000,,,101814840,,,10377837.74,,31300427.78,9443344.68,1165433196.17,771803855.59,542431607.06,602634076.49,1165433196.17,562799119.68,393629340.58,20367512.62,80061104.87,19707406.5,602634076.49,,,,,,270162637.16,,,,-0.2954888143,-13.6780948488,,-44.8837211767,,,,,,,,,,,,,,,,28.2506551459,21.7931358327,,,,,,,,,,,-11.3260225958,82.1887285426,34.2772550491,,,,,,0.0,,,,,,,,,1.0314624723,,,,,,,,,,,-3.4358482577,6.6340091236,,,,-8.627047209,,,,,,,,,,1.3843049322,-20.7867195958,,,381.5558934854,,,-55.65866512,,,,0.0,,,-12.0347058569,-13.8059245183,-79.8891755939,-53.0202144635,,100.0242957914,,-93.6809633889,,,,,-3.2653664179,,,,,,,,,,,,,,-73.1266393057,,,,,,,,0,,,-15.0428773177,,,-30.0063584464,,0.0,-9.3293691477,-12.0395659094,-26.8710359191,-17.2063537277,-6.8219983504,-12.0395659094,-17.0152549322,46.0317233545,-11.5800196632,-23.9815211416,32.7221316659,-6.8219983504,,,,,,-21.5877024733,,,带强调事项段的无保留意见,,0
002848.SZ,002848,高斯贝尔,10336232,通用,2018-09-30 00:00:00,三季报,2018三季报,058001001,2018-10-30 00:00:00,2018-10-30 00:00:00,CNY,0.0,,596245076.52,,35413336.15,,,,,,,,,0,0.0,,,,,,134020832.98,779035.41,,,,,,0,0.0,0,0.0,19702333.34,,27069280.11,208926.06,,,,,,,,0,,,,,,156926412.38,,,,,,,,,,,,16771392.68,,,,,240048979.08,,,,0,,,0.0,,,20904848.1,1169500,,1374314.21,119826805.21,,,30262509.76,222732.39,0,0.0,288000,0,0.0,424218040.23,596729059.85,,483983.33,,407769.6,,65074402.4,,,,,25639720.0,,,84203175.96,24016554.96,0,0.0,,,,,,,,12231001.29,,,,,,,,167150000,,,109674758,,,10151509.31,,31300427.78,4817012.63,1337877047.83,968585239.73,668765832.28,648030456.15,1337877047.83,689846591.68,369291808.1,21080759.4,84203175.96,24016554.96,648030456.15,,,,,,315151425.79,,,,,-1.424341775,,-30.4365322278,,,,,,,,,,,,,,,,70.335157889,-94.2546626789,,,,,,,,,,,-9.1232480995,70.2097917884,30.9030097107,,,,,,,,,,,,,,,24.8747066415,,,,,,,,,,,-3.1148059312,,,,,1.9252159655,,,,,,,,,,-9.383930971,-15.5900396969,,2.4721457111,537.5514763584,,,-81.0646277334,-19.0318982834,,,0.0,,,41.0075643684,-1.4018904373,,37.0534808748,,-39.6403203766,,146.0572482244,,,,,-2.5394452365,,,-50.4863467472,66.686958336,,,,,,,,,,-40.5612555555,,,,,,,,0,,,-15.6456225829,,,-15.2133257786,,23.0921771323,-41.5926577335,2.4160279669,-8.8180878338,-0.7167154177,6.3221519724,2.4160279669,-1.0006002563,51.311777257,-9.2339631972,-50.8483333594,66.686958336,6.3221519724,,,,,,-6.6390738333,,,,,0
002848.SZ,002848,高斯贝尔,10336232,通用,2018-06-30 00:00:00,中报,2018中报,058001001,2018-08-21 00:00:00,2018-08-21 00:00:00,CNY,0.0,345622121.29,545804267.82,,42639181.57,,,,,,,,,0,0.0,,,,,,134020832.98,263978.08,,,,,,0,0.0,0,0.0,20298333.34,,27069280.11,159132.9,,,,,,1140150.0,,0,,,,,,160210526.9,,,,,,,,,,,,16935354.59,169752.33,,,,250814487.7,,,,0,,,0.0,,,20950214.91,1241500,,1516194.58,125387464.8,,,66072583.68,34705.4,0,0.0,288000,0,0.0,429096916.06,555304368.57,83474794.77,9500100.75,,655356.37,,82850147.07,,,,,25639720.0,,,81272983.55,23002016.03,0,0.0,,,,,,,,17737529.93,,,,,,,,167150000,,,133191228,,,12810898.07,,31300427.78,4944455.0,1373788572.35,995815838.38,705553564.58,646536041.53,1373788572.35,727252530.82,377972733.97,21698966.24,82582885.88,23002016.03,646536041.53,,,,,,313409424.4,,,,59.5503241883,-3.0553822998,,0.9099934958,,,,,,,,,,,,,,,,-55.8089668567,-98.9994325694,,,,,,,,,,,-6.7457886513,119.0583100919,141.0984361537,,,,,,-88.6314687407,,,,,,,,,45.9244738495,,,,,,,,,,,-2.2699535086,126.3134465538,,,,54.2614100577,,,,,,,,,,-9.4489844049,,,13.0510845319,567.137567091,,,-73.9760888884,,,,,,,77.8343361203,-1.3679941835,238.3983478161,,,-3.7613250607,,376.5499406279,,,,,0.0,,,463.7047235837,100.5637411049,,,,,,,,,,50.191473844,,,,,,,,0,,,66.5329580677,,,51.8119335107,,23.5590704289,28.3601705407,9.3763451274,-2.3856078428,76.2402800781,-22.4638397478,9.3763451274,72.2658055624,60.2481534264,-0.6124020573,236.7752763778,100.5637411049,-22.4638397478,,,,,,-7.1136142946,,,,,0
002848.SZ,002848,高斯贝尔,10336232,通用,2018-03-31 00:00:00,一季报,2018一季报,058001001,2018-04-25 00:00:00,2018-04-25 00:00:00,CNY,0.0,336313618.11,594644325.4,,70079407.93,,,,,,,,,0,0.0,,,,,,104499141.02,1980217.43,,,,,,0,0.0,0,0.0,21077393.34,,21963312.61,159132.9,,,,,,1140150.0,,0,,,,,,153168822.85,,,,,,,,,,,,16948328.86,135815.93,,,,220351370.42,,,,0,,,0.0,,,21716903.79,1313500.0,,1644188.01,143267026.7,,,73385505.04,259068.75,0,0.0,288000.0,0,0.0,420978795.17,595197392.64,84665177.06,553067.24,,684674.06,,95829071.76,,,,,25639720.0,,,113329461.08,22090706.69,0,0.0,,,,,,,,12434526.14,,,,,,,,167150000,,,138123318.0,,,9274956.99,,31300427.78,6567029.91,1405876161.69,1019547641.44,759916935.01,623409200.44,1405876161.69,782466961.25,386328520.25,22550026.24,114605427.01,22090706.69,623409200.44,,,,,,319774957.58,,,,36.3430828564,2.3174975394,,34.2787331363,,,,,,,,,,,,,,,,-65.5557063653,-92.5586627615,,,,,,,,,,,-5.8532877472,58.0114009873,123.5034300192,,,,,,,,,,,,,,,37.0221255089,,,,,,,,,,,-3.1932615026,86.6622384252,,,,22.1493208517,,,,,,,,,,-8.1687529847,-92.8106185003,,-28.8794749365,584.184482941,,,-74.6425760518,-11.0048754669,,,,,,49.1934588173,2.3486917765,138.4761618127,52.2584058859,,38.6991006217,,363.7111103305,,,,,24.2251348371,,,2862.4981651598,102.918180659,,,,,,,,,,76.513034376,,,,,,,,0.0,,,72.8409237232,,,-13.0332822572,,23.5590704289,-30.1157280826,5.8985760164,-6.482923856,73.404778757,-25.8575213641,5.8985760164,60.7558090403,62.7726875804,-53.5142920736,2839.9352196198,102.918180659,-25.8575213641,,,,,,-7.1673848636,,,,,0
002848.SZ,002848,高斯贝尔,10336232,通用,2017-12-31 00:00:00,年报,2017年报,058001001,2018-04-24 00:00:00,2019-04-23 00:00:00,CNY,0.0,304985785.05,564371516.82,,46720417.76,,,,,,,,,0,0.0,,,,,,104499141.02,275654.41,,,,,,0,0.0,0,0.0,21490333.34,,21963312.61,159132.9,,,,,,1140150.0,,0,,,,,,153310407.55,,,,,,,,,,,,17311434.19,124061.18,,,,216434994.59,,,,0,,,0.0,,,21785800.44,1385500.0,,,27393839.36,,,103538695.36,251927.68,0,0.0,288000.0,0,0.0,357750095.78,566211239.65,52764310.73,1839722.83,,-734983.26,,102331815.56,,,,,27510120.0,,,104053740.55,14848621.14,0,0.0,,,,,,,,51783757.15,,,,,,,,167150000,,,119842618.0,,,14826829.28,,31300427.78,10414998.32,1324951619.69,1055401051.13,655160910.87,646755742.58,1324951619.69,678195877.11,269550568.56,23034966.24,105317951.73,14848621.14,646755742.58,,,,,,344541157.04,,,,-4.4313011388,-3.9122433422,,-21.4442734631,,,,,,,,,,,,,,,,-30.1355591671,-98.9651304681,,,,,,,,,,,-2.7219916857,30.9932259699,141.0984361537,,,,,,,,,,,,,,,23.5628321462,,,,,,,,,,,-2.6958789975,106.9225837356,,,,-2.1232804639,,,,,,,,,,-10.0868166539,-93.0340129214,,,30.8217267434,,,-33.2091431044,,,,0.0,,,-6.7192351888,-3.5990191019,-18.0581827857,,,-243.3114608415,,589.0946529554,,,,,53.9533262112,,,732.648386024,-59.84346696,,,,,,,,,,731.2998636875,,,,,,,,33.3466294376,,,51.8587759441,,,-39.3844267334,,0.0,-25.2192062541,4.1387682599,3.3131043978,14.3100912656,-0.3953770303,4.1387682599,8.8647081939,7.5026786715,-53.7708022012,738.7407137902,-59.84346696,-0.3953770303,,,,,,0.5708272486,,,标准无保留意见,,0
002848.SZ,002848,高斯贝尔,10336232,通用,2017-09-30 00:00:00,三季报,2017三季报,058001001,2017-10-27 00:00:00,2018-03-19 00:00:00,CNY,0.0,274343659.0,604860355.24,,50907951.09,,,,,,,,,0,0.0,,,,,,78680663.84,13559437.27,,,,,,0,0.0,0,0.0,21680278.98,,15903479.95,159603.71,,,2106108.3,,,1140150.0,,0,,,,,,125667091.92,,,,,,,,,,,,17310583.77,112292.4,,,,235514810.35,,,,0,,,0.0,,,23069692.08,1385500.0,,1341158.81,18794843.97,,,159819988.4,275086.59,0,0.0,288000.0,0,0.0,300847718.44,605213489.89,26504059.44,353134.65,,675566.21,,26446854.49,,,,,26307791.97,,,170060519.53,14408178.78,0,0.0,,,,,,,,20577489.32,,,,,,,,167150000,,,130016676.5,,,11973000.95,,25428445.99,8247272.42,1306316085.86,1062255897.82,673593581.33,609497121.84,1306316085.86,696818964.02,244060188.04,23225382.69,171312961.93,14408178.78,609497121.84,,,,,,337562445.8,,,,68.2225605825,30.1031277874,,0.8141173767,,,,,,,,,,,,,,,,-37.7331199958,-27.8409321417,,,,,,,,,,,-2.0118838738,30.7160355973,141.811749081,,,,,,,,,,,,,,,7.5015017895,,,,,,,,,,,-2.8545417668,173.1082749382,,,,25.2135273427,,,,,,,,,,-12.3327255011,-92.3027777778,,-54.9191149395,,,,44.0541630554,,,,,,,26.4978871807,30.1790856876,-64.5404582054,,,911.7350972593,,241.5708882372,,,,,47.7813917589,,,3147.7319763348,5.3789882798,,,,,,,,,,202.2141427565,,,,,,,,33.3466294376,,,116.7576818239,,,27.2671042922,,27.7288383069,12.5497633627,29.9902045052,34.0948328781,81.8947855828,3.895956952,29.9902045052,66.5865546729,14.7079469154,-51.5855380395,3146.160950101,5.3789882798,3.895956952,,,,,,7.1264587409,,,,,0
002848.SZ,002848,高斯贝尔,10336232,通用,2017-06-30 00:00:00,中报,2017中报,058001001,2017-08-22 00:00:00,2017-08-22 00:00:00,CNY,,216622638.06,563006261.48,,42254666.85,,,,,,,,,0,,,,,,,303276079.89,26382837.57,,,,,,0,,0,,21766666.67,,12357111.72,66003.29,,,1096359.38,,,10029000.0,,0,,,,,,109790032.25,,,,,,,,,,,,17328708.21,75007.62,,,,162590558.2,,,,0,,,,,,23136366.58,,,1341158.81,18794843.97,,,253891828.16,,0,,,0,,241290251.04,563006261.48,24667612.98,,,680969.86,,17385407.07,,,,,25639720.0,,,14417651.68,11468681.18,0,,,,,,,,,11809944.65,,,,,,,,167150000,,,79978900.0,,,8438663.4,,25332359.39,3852016.54,1256019819.23,1020152680.74,400336157.13,833850992.14,1256019819.23,422168827.09,235867138.49,21832669.96,24521659.3,11468681.18,833850992.14,,,,,,337411583.0,,,,-14.702813659,18.1680497102,,-16.9047744991,,,,,,,,,,,,,,,,140.0088452871,716.0503530325,,,,,,,,,,,0.2187008402,-3.6439664257,979.9161961357,,,,,,,,,,,,,,,-8.3990663986,,,,,,,,,,,-3.467153627,-24.6776833611,,,,-8.7687957226,,,,,,,,,,7.9488130255,,,-61.894795288,,,,61.490427784,,,,,,,-18.0141998329,18.1680497102,-38.858521857,,,733.6260796778,,86.7941103439,,,,,-1.4063621226,,,103.1720282678,-67.5051731636,,,,,,,,,,2.8242439972,,,,,,,,33.3466294376,,,14.2555714286,,,-12.5002802327,,27.2461886869,-55.0763537824,17.0796010776,17.5334257088,-9.1328287336,41.2896864364,17.0796010776,-12.52565625,15.1564531744,-48.075857938,240.7745434383,-67.5051731636,41.2896864364,,,,,,5.8844727358,,,,,0
002848.SZ,002848,高斯贝尔,10336232,通用,2017-03-31 00:00:00,一季报,2017一季报,058001001,2017-04-27 00:00:00,2017-04-27 00:00:00,CNY,,246667165.7,581175595.28,,52189506.33,,,,,,,,,0,,,,,,,303385931.29,26611042.7,,,,,,0,,0,,22387816.67,,13899827.78,71199.31,,,,,,,,0,,,,,,111784007.35,,,,,,,,,,,,17507385.46,72760.26,,,,180395084.38,,,,0,,,,,,23648708.36,18270000.0,,2311833.34,20939824.02,,,289404417.38,291104.43,0,,,0,,282169740.22,581538837.78,35502574.52,363242.5,,493639.87,,20665683.79,,,,,20639720.0,,,3825469.41,10886509.34,0,,,,,7780573.84,,,,7044537.07,,,,,,,,167150000,,,79913550.0,,,10664950.03,,25332359.39,9397006.98,1327568523.18,1090226174.17,438232983.23,840825950.13,1327568523.18,486742573.05,237342349.01,48509589.82,3898229.67,10886509.34,840825950.13,,,,,,344464019.58,,,,,,,,,,,,,,,,,,,,,,,,,,,,,,,,,,,,,,,,,,,,,,,,,,,,,,,,,,,,,,,,,,,,,,,,,,,,,,,,,,,,,,,,,,,,,,,,,,,,,,,,,,,,,,,,,,,,,,,,,,,,,,,,,,,,,,,,,,,,,,,,,,,,,,,,,,,,,0
002848.SZ,002848,高斯贝尔,10336232,通用,2016-12-31 00:00:00,年报,2016年报,058001001,2017-04-27 00:00:00,2018-05-05 00:00:00,CNY,0,319127275.65,587350081.27,,59474235.45,,,,,,,,,0,0,,,,,,149574146.41,26636634.04,,,,,,0,0,0,0,22091666.67,,16766754.5,66003.29,,,,,,,,0,,,,,,124074857.21,,,,,,,,,,,,17791059.63,59955.36,,,,221130209.12,,,,0,,,0,,,24229817.73,19889500,,2430389.94,20939824.02,,,155019264.87,,0,0,288000.0,0,0,383519685.44,587350081.27,64392409.79,,,512857.28,,14850182.79,,,,,17869130.0,,,12496720.38,36976850.38,0,0,,,,7780573.84,,,,6229251.25,,,,,,,,125350000,,,78917150,,,24460429.03,,31300427.78,13927370.65,1272294306.75,1021555839.68,573143546.31,649323016.64,1272294306.75,622971290.11,250738467.07,49827743.8,12556675.74,36976850.38,649323016.64,,,,,,342585585.17,,,,17.4948012581,42.7223023835,,-8.2867974806,,,,,,,,,,,,,,,,18.3710834619,8451.6768878647,,,,,,,,,,,-0.0678528347,70.0668800055,979.9161961357,,,,,,,,,,,,,,,3.2536611813,,,,,,,,,,,3.864706792,-55.4276102421,,,,31.8919097001,,,,,,,,,,-17.6617913649,10.4972222222,,37.8167633942,,,,-28.0075575487,,,,,,,31.5331861035,31.4028306607,222.499521331,,,610.4464922617,,62.7801695864,,,,,-5.7226832935,,,118.6583965599,152.952306306,,,,,,,,,,-49.6883036266,,,,,,,,0.0,,,-2.5714197531,,,15.3347656701,,57.2242078978,126.3176346437,19.543322086,17.8691226592,21.7805839702,17.3023253945,19.543322086,21.9721003141,26.8861347858,24.2191281401,114.6553286864,152.952306306,17.3023253945,,,,,,21.4719592302,,,标准无保留意见,,0
002848.SZ,002848,高斯贝尔,10336232,通用,2016-09-30 00:00:00,三季报,2016三季报,058001001,2017-01-16 00:00:00,2017-01-16 00:00:00,CNY,0,163083749.32,464908388.85,,50496847.48,,,,,,,,,0,0,,,,,,126360376.23,18791037.18,,,,,,0,0,0,0,22125416.67,,12166433.81,66003.29,,,,,,,,0,,,,,,116897987.31,,,,,,,,,,,,17819241.46,41116.44,,,,188090548.48,,,,0,,,0,,,26315055.66,18000000,,2975005.5,,,,110944373.29,,0,0,,0,0,237828255.59,464908388.85,74744506.27,,,-83224.96,,7742713.27,,,,,17801829.89,,,5236285.53,13672724.53,0,0,,,,7780573.84,,,,6808910.11,,,,,,,,125350000,,,59982500,,,9407773.53,,19908147.86,7327667.49,1004934249.34,792167658.53,370320446.06,586641809.48,1004934249.34,418292439.86,212766590.81,47971993.8,5277401.97,13672724.53,586641809.48,,,,,,315106510.35,,,,,,,,,,,,,,,,,,,,,,,,,,,,,,,,,,,,,,,,,,,,,,,,,,,,,,,,,,,,,,,,,,,,,,,,,,,,,,,,,,,,,,,,,,,,,,,,,,,,,,,,,,,,,,,,,,,,,,,,,,,,,,,,,,,,,,,,,,,,,,,,,,,,,,,,,,,,,0
002848.SZ,002848,高斯贝尔,10336232,通用,2016-06-30 00:00:00,中报,2016中报,058001001,2016-10-14 00:00:00,2017-01-16 00:00:00,CNY,0,253962231.76,476445420.62,,50850896.18,,,,,,,,,0,0,,,,,,126360376.23,3232991.38,,,,,,0,0,0,0,21719166.67,,12824429.63,6111.89,,,,,,,,0,,,,,,119856892.21,,,,,,,,,,,,17951100.44,99582.2,,,,178218143.11,,,,0,,,0,,,21432719.76,18000000,,3519621.06,,,,157217880.74,,0,0,,0,0,294307368.53,476445420.62,40345136.77,,,-107471.88,,9307256.55,,,,,26005450.81,,,7096277.87,35293867.66,0,0,,,,2321964.0,,,,11485564.29,,,,,,,,125350000,,,70000000,,,9644217.63,,19908147.86,8574585.69,1072791338.26,867968132.97,440572928.1,590171167.6,1072791338.26,482620170.66,204823205.29,42047242.56,7195860.07,35293867.66,590171167.6,,,,,,318660115.39,,,,,,,,,,,,,,,,,,,,,,,,,,,,,,,,,,,,,,,,,,,,,,,,,,,,,,,,,,,,,,,,,,,,,,,,,,,,,,,,,,,,,,,,,,,,,,,,,,,,,,,,,,,,,,,,,,,,,,,,,,,,,,,,,,,,,,,,,,,,,,,,,,,,,,,,,,,标准无保留意见,,0
002848.SZ,002848,高斯贝尔,10336232,通用,2015-12-31 00:00:00,年报,2015年报,058001001,2017-01-16 00:00:00,2017-04-20 00:00:00,CNY,0,271609698.67,411533496.49,,64848063.11,,,,,,,,,0,0,,,,,,126360376.23,311478.49,,,,,,0,0,0,0,22106666.67,,9858918.15,6111.89,,,,,,,,0,,,,,,120165092.25,,,,,,,,,,,,17129071.25,134512.33,,,,167660176.9,,,,0,,,0,,,29427185.91,18000000,,1763493.7,,,,215327136.56,592623.0,0,0,,0,0,291576367.0,446984344.49,19966668.33,35450848.0,,-100472.29,,9122845.14,,,,,18953795.7,,,5715179.74,14618111.58,0,0,,,,,,,,12381318.26,,,,,,,,125350000,,,81000000,,,21208201.09,,19908147.86,6153904.3,1064295591.38,866686555.93,470636227.57,553546585.25,1064295591.38,510749006.13,197609035.45,40112778.56,5849692.07,14618111.58,553546585.25,,,,,,282028533.45,,,,43.1564001276,-8.7821944581,,128.8523298369,,,,,,,,,,,,,,,,0.0,,,,,,,,,,,,515.4988394288,34.6062390145,,,,,,,,,,,,,,,,-7.7543347503,,,,,,,,,,,-2.2304590471,-42.742295586,,,,62.1055216968,,,,,,,,,,-2.270045238,,,,,,,75.6865426543,,,,,,,21.0878937269,-4.5831706124,-60.9017598749,104.9226728484,,-29.5882908614,,33.0340372013,,,,,7.4495269766,,,0.6632213651,22.2180329873,,,,,,,,,,152.2080035351,,,,,,,,0.0,,,-33.606557377,,,54.5899628896,,29.9683127555,83.6637462881,15.5546143947,20.6795907933,13.6485191392,9.9779017864,15.5546143947,22.2743935065,-2.5889118441,1016.829100402,-1.0614471876,22.2180329873,9.9779017864,,,,,,19.314156616,,,标准无保留意见,,0
002848.SZ,002848,高斯贝尔,10336232,通用,2014-12-31 00:00:00,年报,2014年报,058001001,2016-10-14 00:00:00,2017-01-16 00:00:00,CNY,0,189729343.87,451154787.21,,28336204.03,,,,,,,,,0,0,,,,,,126360376.23,,,,,,,0,0,0,0,3591666.67,,7324265.37,,,,,,,,,0,,,,,,130266383.71,,,,,,,,,,,,17519844.2,234924.42,,,,103426567.55,,,,0,,,0,,,30110712.71,,,,,,,122563250.04,,0,0,,0,0,240797290.32,468454409.31,51067946.45,17299622.1,,-77531.92,,6857527.09,,,,,17639720,,,5677525.18,11960683.07,0,0,,,,,,,,4909169.45,,,,,,,,125350000,,,122000000,,,13719002.64,,15317693.55,3350636.38,921032532.5,718171606.51,414115582.97,503325282.86,921032532.5,417707249.64,202860925.99,3591666.67,5912449.6,11960683.07,503325282.86,,,,,,236374745,,,,2.3481187409,-2.403102581,,18.0090096948,,,,,,,,,,,,,,,,0,,,,,,,,,,,,133.7516355184,15.4768876827,,,,,,,,,,,,,,,,0.6232935393,,,,,,,,,,,-1.7059306249,23.3199119853,,,,-2.7945631085,,,,,,,,,,104.8347803401,,,,,,,22.0154098788,,,,,,,12.6156227081,0.5878697769,79.5272283571,400.9809043916,,,,48.0404110148,,,,,1.963699422,,,-54.5232885071,26.1752567926,,,,,,,,,,-44.1380163033,,,,,,,,0,,,103.3333333333,,,-7.8380853684,,5.4014503143,-75.5300367382,4.4629008699,3.1769994112,1.4770898666,6.6232569632,4.4629008699,1.9732615117,9.2847565994,133.7516355184,-53.3533344895,26.1752567926,6.6232569632,,,,,,14.8473404999,,,标准无保留意见,,0
002848.SZ,002848,高斯贝尔,10336232,通用,2014-06-30 00:00:00,中报,2014中报,058001001,2014-11-14 00:00:00,2014-11-14 00:00:00,CNY,0,215512684.16,468167447.76,,21025274.0,,,,,,,,,0,0,,,,,,126360376.23,1260000.0,,,,4629.25,,0,0,0,0,,,6924088.07,,,,,,,,,0,,,,,,123427283.05,,,,,,,,,,,,17597025.49,185921.92,,,,117319948.83,,,,0,,,0,,,29972546.27,,,,,,,134669597.58,,0,0,68000000,0,0,261531103.4,470062848.17,46018419.24,1895400.41,,,,9981124.92,,,,,14495888,,712500.0,14351754.6,15689232.34,0,0,,,,,,,,6431029.93,,,,,,,,125350000,,,70000000,,,9550353.51,,14532716.11,4087681.73,947830612.65,754153781.77,448732089.16,498386023.49,947830612.65,449444589.16,193676830.88,712500.0,14537676.52,15689232.34,498386023.49,,,,,,232138301.9,,,,,,,,,,,,,,,,,,,,,,,,,,,,,,,,,,,,,,,,,,,,,,,,,,,,,,,,,,,,,,,,,,,,,,,,,,,,,,,,,,,,,,,,,,,,,,,,,,,,,,,,,,,,,,,,,,,,,,,,,,,,,,,,,,,,,,,,,,,,,,,,,,,,,,,,,,,,,0
002848.SZ,002848,高斯贝尔,10336232,通用,2013-12-31 00:00:00,年报,2013年报,058001001,2014-11-14 00:00:00,2017-01-16 00:00:00,CNY,0,185376483.91,462263452.16,,24011898.84,,,,,,,,,0,0,,,,,,126360376.23,,,,,,,0,0,0,0,1536531.14,,6342624.5,,,,,,,,,0,,,,,,129459471.19,,,,,,,,,,,,17823907.7,190499.99,,,,106399982.2,,,,0,,,0,,,14700000.0,,,,,,,100448992.6,592623.0,0,0,69000000,0,0,213822278.41,465716602.16,28445794.5,3453150.0,,,,4632199.44,,,,,17300000,,,12484467.31,9479420.43,0,0,,,,,,,,8788032.8,,,,,,,,125350000,,,60000000,,,14885761.32,,14532716.11,13692854.15,881683856.02,696057852.63,408087760.02,472059564.86,881683856.02,409624291.16,185626003.39,1536531.14,12674967.3,9479420.43,472059564.86,,,,,,205816472.52,,,,-11.7548410544,28.6991715323,,-36.2253951405,,,,,,,,,,,,,,,,0.0,,,,,,,,,,,,,43.1489746749,,,,,,,,,,,,,,,,-2.3438194016,,,,,,,,,,,-2.971727361,29.329835838,,,,-35.6466916898,,,,,,,,,,,,,,,,,160.3375722483,,,,6800.0,,,-2.1497285738,29.2225472443,236.6366213018,183.6267492842,,,,-35.1915692227,,,,,-42.3333333333,,,-62.2774335482,-57.325717283,,,,,,,,,,-39.4994530438,,,,,,,,0.0,,,50.0,,,-10.7620452201,,25.9018378054,183.2430847087,10.6194041534,14.4442853017,15.9573700411,13.9330829099,10.6194041534,7.0319601379,-1.6998530752,-95.0085074879,-61.8715244716,-57.325717283,13.9330829099,,,,,,36.2325813053,,,标准无保留意见,,0
002848.SZ,002848,高斯贝尔,10336232,通用,2012-12-31 00:00:00,年报,2012年报,058001001,2014-11-14 00:00:00,2014-11-14 00:00:00,CNY,0,210069862.33,359181373.63,,37651191.87,,,,,,,,,0,0,,,,,,126360376.23,3468750,,,,,,0,0,0,0,,,4430785.84,,,,,,,,,0,,,,,,132566592.71,,,,,,,,,,,,18369808.32,147297.79,,,,165337237.5,,,,0,,,0,,,,29000000,,,,,,38584132.03,,0,0,1000000,0,0,218519862.33,360398871.63,8450000,1217498,,,,7147526,,,,,30000000,,1783000,33095487.62,22213426.51,0,0,,,,,,,,14525542.73,,,,,,,,125350000,,,40000000,,,16680975.44,,11542894.34,4834311.9,797042673.27,608206736.4,351929126.95,414330546.32,797042673.27,382712126.95,188835936.87,30783000,33242785.41,22213426.51,414330546.32,,,,,,151077275.75,,,,18.8441317791,28.653457766,,5.0144690631,,,,,,,,,,,,,,,,0,,,,,,,,,,,,,44.1995470353,,,,,,,,,,,,,,,,17.6909716721,,,,,,,,,,,174.3659901869,,,,,3.4273811246,,,,,,,,,,,,,,,,,-24.0424768914,,,,,,,23.6246029157,21.5429899513,,-92.9764458161,,,,55.8588180727,,,,,,,,500.2428739679,-7.0072848465,,,,,,,,,,21.6780929561,,,,,,,,0,,,-37.2044193376,,,27.2274759351,,23.1915819048,-67.7184401198,18.9627653555,11.0705834101,9.6996154425,18.6575553856,18.9627653555,19.2949657662,54.2681435277,,102.5501879138,-7.0072848465,18.6575553856,,,,,,71.4168710566,,,,,0
002848.SZ,002848,高斯贝尔,10336232,通用,2011-12-31 00:00:00,年报,2011年报,058001001,2014-11-14 00:00:00,2014-11-14 00:00:00,CNY,0,176760820.4,279185169.11,,35853337.36,,,,,,,,,0,0,,,,,,126360376.23,,,,,-32910,,0,0,0,0,,,3072676.67,,,,,,,10898440,,0,,,,,,112639560.05,,,,,,,,,,,,6695366.4,,,,,159858284.82,,,,0,,,0,,,,,,,,,,50796985.54,,0,0,,,0,176760820.4,296519669.11,,17334500,,,,4585897.73,,,,,,,,5513682.72,23887275.98,0,0,,,,,,,,11937681.12,,,,,,,,125350000,,,63698750.1,,,13111142.32,,9369872.65,14975459.42,669993397.42,547585794.3,320811632.32,349181765.1,669993397.42,320811632.32,122407603.12,,16412122.72,23887275.98,349181765.1,,,,,,88134426.22,,,,,,,,,,,,,,,,,,,,,,,,,,,,,,,,,,,,,,,,,,,,,,,,,,,,,,,,,,,,,,,,,,,,,,,,,,,,,,,,,,,,,,,,,,,,,,,,,,,,,,,,,,,,,,,,,,,,,,,,,,,,,,,,,,,,,,,,,,,,,,,,,,,,,,,,,,,,,0
