SECUCODE,SECURITY_CODE,SECURITY_NAME_ABBR,ORG_CODE,ORG_TYPE,REPORT_DATE,REPORT_TYPE,REPORT_DATE_NAME,SECURITY_TYPE_CODE,NOTICE_DATE,UPDATE_DATE,CURRENCY,TOTAL_OPERATE_INCOME,TOTAL_OPERATE_INCOME_YOY,OPERATE_INCOME,OPERATE_INCOME_YOY,INTEREST_INCOME,INTEREST_INCOME_YOY,EARNED_PREMIUM,EARNED_PREMIUM_YOY,FEE_COMMISSION_INCOME,FEE_COMMISSION_INCOME_YOY,OTHER_BUSINESS_INCOME,OTHER_BUSINESS_INCOME_YOY,TOI_OTHER,TOI_OTHER_YOY,TOTAL_OPERATE_COST,TOTAL_OPERATE_COST_YOY,OPERATE_COST,OPERATE_COST_YOY,INTEREST_EXPENSE,INTEREST_EXPENSE_YOY,FEE_COMMISSION_EXPENSE,FEE_COMMISSION_EXPENSE_YOY,RESEARCH_EXPENSE,RESEARCH_EXPENSE_YOY,SURRENDER_VALUE,SURRENDER_VALUE_YOY,NET_COMPENSATE_EXPENSE,NET_COMPENSATE_EXPENSE_YOY,NET_CONTRACT_RESERVE,NET_CONTRACT_RESERVE_YOY,POLICY_BONUS_EXPENSE,POLICY_BONUS_EXPENSE_YOY,REINSURE_EXPENSE,REINSURE_EXPENSE_YOY,OTHER_BUSINESS_COST,OTHER_BUSINESS_COST_YOY,OPERATE_TAX_ADD,OPERATE_TAX_ADD_YOY,SALE_EXPENSE,SALE_EXPENSE_YOY,MANAGE_EXPENSE,MANAGE_EXPENSE_YOY,ME_RESEARCH_EXPENSE,ME_RESEARCH_EXPENSE_YOY,FINANCE_EXPENSE,FINANCE_EXPENSE_YOY,FE_INTEREST_EXPENSE,FE_INTEREST_EXPENSE_YOY,FE_INTEREST_INCOME,FE_INTEREST_INCOME_YOY,ASSET_IMPAIRMENT_LOSS,ASSET_IMPAIRMENT_LOSS_YOY,CREDIT_IMPAIRMENT_LOSS,CREDIT_IMPAIRMENT_LOSS_YOY,TOC_OTHER,TOC_OTHER_YOY,FAIRVALUE_CHANGE_INCOME,FAIRVALUE_CHANGE_INCOME_YOY,INVEST_INCOME,INVEST_INCOME_YOY,INVEST_JOINT_INCOME,INVEST_JOINT_INCOME_YOY,NET_EXPOSURE_INCOME,NET_EXPOSURE_INCOME_YOY,EXCHANGE_INCOME,EXCHANGE_INCOME_YOY,ASSET_DISPOSAL_INCOME,ASSET_DISPOSAL_INCOME_YOY,ASSET_IMPAIRMENT_INCOME,ASSET_IMPAIRMENT_INCOME_YOY,CREDIT_IMPAIRMENT_INCOME,CREDIT_IMPAIRMENT_INCOME_YOY,OTHER_INCOME,OTHER_INCOME_YOY,OPERATE_PROFIT_OTHER,OPERATE_PROFIT_OTHER_YOY,OPERATE_PROFIT_BALANCE,OPERATE_PROFIT_BALANCE_YOY,OPERATE_PROFIT,OPERATE_PROFIT_YOY,NONBUSINESS_INCOME,NONBUSINESS_INCOME_YOY,NONCURRENT_DISPOSAL_INCOME,NONCURRENT_DISPOSAL_INCOME_YOY,NONBUSINESS_EXPENSE,NONBUSINESS_EXPENSE_YOY,NONCURRENT_DISPOSAL_LOSS,NONCURRENT_DISPOSAL_LOSS_YOY,EFFECT_TP_OTHER,EFFECT_TP_OTHER_YOY,TOTAL_PROFIT_BALANCE,TOTAL_PROFIT_BALANCE_YOY,TOTAL_PROFIT,TOTAL_PROFIT_YOY,INCOME_TAX,INCOME_TAX_YOY,EFFECT_NETPROFIT_OTHER,EFFECT_NETPROFIT_OTHER_YOY,EFFECT_NETPROFIT_BALANCE,EFFECT_NETPROFIT_BALANCE_YOY,UNCONFIRM_INVEST_LOSS,UNCONFIRM_INVEST_LOSS_YOY,NETPROFIT,NETPROFIT_YOY,PRECOMBINE_PROFIT,PRECOMBINE_PROFIT_YOY,CONTINUED_NETPROFIT,CONTINUED_NETPROFIT_YOY,DISCONTINUED_NETPROFIT,DISCONTINUED_NETPROFIT_YOY,PARENT_NETPROFIT,PARENT_NETPROFIT_YOY,MINORITY_INTEREST,MINORITY_INTEREST_YOY,DEDUCT_PARENT_NETPROFIT,DEDUCT_PARENT_NETPROFIT_YOY,NETPROFIT_OTHER,NETPROFIT_OTHER_YOY,NETPROFIT_BALANCE,NETPROFIT_BALANCE_YOY,BASIC_EPS,BASIC_EPS_YOY,DILUTED_EPS,DILUTED_EPS_YOY,OTHER_COMPRE_INCOME,OTHER_COMPRE_INCOME_YOY,PARENT_OCI,PARENT_OCI_YOY,MINORITY_OCI,MINORITY_OCI_YOY,PARENT_OCI_OTHER,PARENT_OCI_OTHER_YOY,PARENT_OCI_BALANCE,PARENT_OCI_BALANCE_YOY,UNABLE_OCI,UNABLE_OCI_YOY,CREDITRISK_FAIRVALUE_CHANGE,CREDITRISK_FAIRVALUE_CHANGE_YOY,OTHERRIGHT_FAIRVALUE_CHANGE,OTHERRIGHT_FAIRVALUE_CHANGE_YOY,SETUP_PROFIT_CHANGE,SETUP_PROFIT_CHANGE_YOY,RIGHTLAW_UNABLE_OCI,RIGHTLAW_UNABLE_OCI_YOY,UNABLE_OCI_OTHER,UNABLE_OCI_OTHER_YOY,UNABLE_OCI_BALANCE,UNABLE_OCI_BALANCE_YOY,ABLE_OCI,ABLE_OCI_YOY,RIGHTLAW_ABLE_OCI,RIGHTLAW_ABLE_OCI_YOY,AFA_FAIRVALUE_CHANGE,AFA_FAIRVALUE_CHANGE_YOY,HMI_AFA,HMI_AFA_YOY,CASHFLOW_HEDGE_VALID,CASHFLOW_HEDGE_VALID_YOY,CREDITOR_FAIRVALUE_CHANGE,CREDITOR_FAIRVALUE_CHANGE_YOY,CREDITOR_IMPAIRMENT_RESERVE,CREDITOR_IMPAIRMENT_RESERVE_YOY,FINANCE_OCI_AMT,FINANCE_OCI_AMT_YOY,CONVERT_DIFF,CONVERT_DIFF_YOY,ABLE_OCI_OTHER,ABLE_OCI_OTHER_YOY,ABLE_OCI_BALANCE,ABLE_OCI_BALANCE_YOY,OCI_OTHER,OCI_OTHER_YOY,OCI_BALANCE,OCI_BALANCE_YOY,TOTAL_COMPRE_INCOME,TOTAL_COMPRE_INCOME_YOY,PARENT_TCI,PARENT_TCI_YOY,MINORITY_TCI,MINORITY_TCI_YOY,PRECOMBINE_TCI,PRECOMBINE_TCI_YOY,EFFECT_TCI_BALANCE,EFFECT_TCI_BALANCE_YOY,TCI_OTHER,TCI_OTHER_YOY,TCI_BALANCE,TCI_BALANCE_YOY,ACF_END_INCOME,ACF_END_INCOME_YOY,OPINION_TYPE
600490.SH,600490,鹏欣资源,10007134,通用,2023-03-31 00:00:00,一季报,2023一季报,058001001,2023-04-29 00:00:00,2023-04-29 00:00:00,CNY,2005783226.29,64.7908320426,2005783226.29,64.7908320426,,,,,,,,,,,2058314693.52,75.2192435437,1925107179.51,83.5816585994,,,,,,,,,,,,,,,,,,,84536.68,-81.2347429183,52628528.83,-17.6111510861,67248686.75,29.1427493785,,,13245761.75,37.0035134048,9769984.25,-24.2507635793,2603040.87,-57.4867103183,,,,,,,73435101.8,325.8593002245,-27089590.26,-303.0686047808,-919213.12,-114.0902760297,,,,,,,24023550.3,,-3446656.56,-79.9081371743,121132.24,-76.2393351641,,,0,,14512070.29,-79.7428279539,44000.29,-19.7604024938,,,267030.07,6164.5762855011,,,,,0,,14289040.51,-80.0682225522,3895940.19,-11.270029803,,,,,,,10393100.32,-84.5568194494,,,10393100.32,-84.5568194494,,,21227892.22,-67.451072005,-10834791.9,-620.7642374222,212062.869999997,-99.6565610489,,,,,0.0096,-67.4576271186,0.0096,-67.4576271186,-54034150.85,-427.1312190351,-62420195.27,-2940.8973975831,8386044.42,202.2948162756,,,,,17770953.66,300.5736432442,,,-268616.11,96.9682374482,,,18039569.77,,,,,,-80191148.93,-1278.0041084269,,,,,,,3217660.01,124.447819787,,,,,,,-83408808.95,-517.6975003266,,,,,,,,,-43641050.53,-176.4983497996,-41192303.05,-165.2130570987,-2448747.48,59.9706084329,,,,,,,,,,,
600490.SH,600490,鹏欣资源,10007134,通用,2022-12-31 00:00:00,年报,2022年报,058001001,2023-04-29 00:00:00,2023-04-29 00:00:00,CNY,8352284602.4,-2.7365197871,8352284602.4,-2.7365197871,,,,,,,,,,,8495231559.14,-0.2370466258,7876650774.87,-1.8217926227,,,,,,,,,,,,,,,,,,,2285744.96,-17.5185953352,261519034.02,80.6409575837,285778327.79,-3.1776202866,,,68997677.5,38.25535171,50052028.42,-2.3271487693,20178515.55,-7.6295791645,,,,,,,-83354555.87,-9371.1901314025,-78788434.0,-2258.2002054947,-7462406.13,65.0654940437,,,,,2121.55,,-373710758.9,-4497.3610420494,-28882156.8,-1419.7383143386,799254.29,-74.1795169199,,,0,,-706881486.47,-899.5214937149,4293542.74,1774.2319054173,,,114969381.54,14502.2943392569,,,,,0,,-817557325.27,-1030.5777248262,-24872459.36,-266.6413471679,,,,,,,-792684865.91,-1186.9257769128,,,-792684865.91,-1186.9257769128,,,-622980963.43,-937.798404656,-169703902.48,-11765.566356119,-562108064.64,-827.3567236044,,,,,-0.2815,-937.7976190476,-0.2815,-937.7976190476,328128006.72,299.4472129697,331781433.56,292.6269061041,-3653426.84,-147.3136461214,,,,,-39391691.82,37.7293381609,,,-6516404.07,91.4383234013,,,-32875287.75,-355.7894736842,,,,,371173125.38,440.5832585905,,,,,,,1430810.46,-93.5250483445,,,,,,,369742314.92,382.0754275893,,,,,,,,,-464556859.19,-407.2154432827,-291199529.87,-197.5031778581,-173357329.32,-2855.4224105695,,,,,,,,,,,标准无保留意见
600490.SH,600490,鹏欣资源,10007134,通用,2022-09-30 00:00:00,三季报,2022三季报,058001001,2022-10-28 00:00:00,2022-10-28 00:00:00,CNY,6194472634.26,-17.617921482,6194472634.26,-17.617921482,,,,,,,,,,,6235515741.58,-16.1018333214,5770460641.7,-18.5346770057,,,,,,,,,,,,,,,,,,,1700811.39,-15.0424582312,213968958.91,100.6296830418,198257409.72,-4.6987882621,,,51127919.86,58.6522019414,38422534.11,-11.421198145,15418684.56,-19.4744922465,,,,,,,-127612481.18,-2752.3138061296,-39521154.1,-231.1967881101,-656037.4,-101.9192204107,,,,,,,-191801693.66,,-1259214.65,-254.9288816176,583321.19,-79.8300687101,,,0,,-400654329.72,-444.4696636521,4091590.96,2302.1542173968,,,165480.37,-64.6692300704,,,,,0,,-396728219.13,-441.9704166177,11663992.19,-21.4261559559,,,,,,,-408392211.32,-503.6780036836,,,-408392211.32,-503.6780036836,,,-319358974.25,-456.5601717816,-89033237.07,-867.4504078398,-335692310.51,-469.6853971997,,,,,-0.1443,-456.2962962963,-0.1517,-474.5679012346,453915429.27,661.8341366301,448815089.91,649.1932270087,5100339.36,447.8903189689,,,,,-18721993.33,75.9991678962,,,9959327.67,112.7674520048,,,-28681321.0,,,,,,467537083.24,12678.2832311894,,,,,,,14376455.85,-68.0133526357,,,,,,,453160627.39,1031.2375002805,,,,,,,,,45523217.95,123.4147774297,129456115.66,1550.3790490441,-83932897.71,-769.7445336226,,,,,,,,,,,
600490.SH,600490,鹏欣资源,10007134,通用,2022-06-30 00:00:00,中报,2022中报,058001001,2022-08-27 00:00:00,2022-08-27 00:00:00,CNY,2827276710.85,-42.0271300414,2827276710.85,-42.0271300414,,,,,,,,,,,2826442012.17,-41.1790094611,2547688741.81,-44.2808512096,,,,,,,,,,,,,,,,,,,1135949.6,-18.3924871089,126485372.21,84.46423391,121655844.78,-14.9984049635,,,29476103.77,49.6218491378,26688683.0,-6.6534559271,11992722.36,-28.3048632536,,,,,,,-120261512.68,-4336.9069140005,25944223.21,24.2312165342,969201.28,-96.0955244993,,,,,,,-81036241.44,,-2781985.95,-377.5230511641,583321.19,-79.8300687101,,,0,,-176717496.99,-288.3876932583,4055868.03,8130.6391656425,,,84019.82,-78.4315836019,,,,,0,,-172745648.78,-284.8239867286,2296681.72,-78.2193428188,,,,,,,-175042330.5,-311.0969310884,,,-175042330.5,-311.0969310884,,,-127723770.52,-307.6803373223,-47318559.98,-320.9064231172,-137344011.63,-302.8913024348,,,,,-0.0577,-307.5539568345,-0.0577,-307.5539568345,217819753.49,3049.5420691217,218151958.97,1991.0779907632,-332205.48,90.5532024751,,,,,-25115699.38,-53738.9641465064,,,-6851650.63,-14732.8970149888,,,-18264048.75,,,,,,243267658.35,2242.3354616721,,,,,,,7830215.92,-84.1086675154,,,,,,,235437442.43,2166.9411715048,,,,,,,,,42777422.99,-52.3829071014,90428188.45,25.7122354924,-47650765.46,-366.1520246489,,,,,,,,,,,
600490.SH,600490,鹏欣资源,10007134,通用,2022-03-31 00:00:00,一季报,2022一季报,058001001,2022-04-30 00:00:00,2023-04-29 00:00:00,CNY,1217169184.37,-57.0092787994,1217169184.37,-57.0092787994,,,,,,,,,,,1174708126.74,-57.6732798657,1048638079.75,-60.6080894029,,,,,,,,,,,,,,,,,,,450495.72,-46.4366197702,63878218.38,78.8348390813,52073141.6,-24.2049953402,,,9668191.29,20.7415570164,12897798.99,48.4948866903,6122887.43,11.3517921081,,,,,,,17243982.17,1354.3469958733,13340117.39,249.6645458598,6523741.04,280.4593508457,,,,,,,,,-1915786.92,-2975.8690979011,509801.56,-82.212857752,,,0,,71639171.83,47.9595889487,54836.13,2691.4524823995,,,4262.54,1704916.0,,,,,0,,71689745.42,48.0580345649,4390782.71,-19.9598457812,,,,,,,67298962.71,56.748692977,,,67298962.71,56.748692977,,,65218406.65,75.3290692966,2080556.06,-63.7318389331,61746889.6,44.7179188448,,,,,0.0295,75.5952380952,0.0295,75.5952380952,-10250607.23,-136.0313711985,-2052689.95,-106.9739353339,-8197917.28,-732.5957264455,,,,,-8860064.25,-1769.7497291341,,,-8860064.25,-1769.7497291341,,,,,,,,,6807374.3,-76.4476119266,,,,,,,-13161337.24,-543.1520219029,,,,,,,19968711.54,-35.4796906779,,,,,,,,,57048355.48,-20.0817880977,63165729.2,-5.2013343221,-6117373.72,-228.7334409182,,,,,,,,,,,
600490.SH,600490,鹏欣资源,10007134,通用,2021-12-31 00:00:00,年报,2021年报,058001001,2022-04-30 00:00:00,2023-04-29 00:00:00,CNY,8587277140.52,-1.4580010745,8587277140.52,-1.4580010745,,,,,,,,,,,8515417067.97,-2.7069621175,8022809730.68,-3.9351128664,,,,,,,,,,,,,,,,,,,2771224.58,2.0169888881,144772834.2,62.5785374255,295157306.23,5.392295651,,,49905972.28,71.671121823,51244565.7,-19.4491102214,21845213.4,-58.5070588485,,,,,,,-880085.34,-105.8359296386,3650654.55,-99.1119872994,-21361132.57,-104.6703810508,,,,,,,8498523.44,147.3405846375,2188476.04,230.7127941369,3095427.33,92.2509400782,,,0,,88413068.57,-76.1137727832,229082.79,-5.3513359169,,,787337.79,114.1597053143,,,,,0,,87854813.57,-76.2565372431,14925743.09,136.5255655549,,,,,,,72929070.48,-82.2505475385,,,72929070.48,-82.2505475385,,,74359292.16,-83.9315389128,-1430221.68,97.2434674155,77280933.33,-84.8590367588,,,,,0.0336,-83.9234449761,0.0336,-83.9234449761,-164518722.44,49.5555747495,-172240441.52,47.6500673469,7721719.08,168.2136942286,,,,,-63258829.53,-2478.1347318771,,,-76111308.28,-3001.9417972666,,,12852478.75,,,,,,-108981611.99,66.6277769778,,,,,,,22097623.83,165.1438860568,,,,,,,-131079235.82,55.2084201097,,,,,,,,,-91589651.96,-208.0804393913,-97881149.36,-173.1832712729,6291497.4,112.8382535327,,,,,,,,,,,标准无保留意见
600490.SH,600490,鹏欣资源,10007134,通用,2021-09-30 00:00:00,三季报,2021三季报,058001001,2021-10-28 00:00:00,2022-10-28 00:00:00,CNY,7519199255.1,17.012869876,7519199255.1,17.012869876,,,,,,,,,,,7432243144.8,14.4362447287,7083333656.09,14.3151717436,,,,,,,,,,,,,,,,,,,2001954.57,-31.3614548383,106648705.05,61.6739972439,208032412.29,5.5181513905,,,32226416.8,-0.23829848,43376669.48,-21.2311978104,19147578.19,-55.6093289472,,,,,,,-4473998.65,-118.3685680703,30123568.32,-54.3377675686,34182493.91,-72.7643791972,,,,,,,,,812769.47,412.7677852473,2892033.6,92.6370383287,,,0,,116310483.04,244.4637845944,170330.07,22.539618705,,,468374.65,6.3701402947,,,,,0,,116012438.46,246.6748308084,14844624.61,-45.9752637591,,,,,,,101167813.85,1589.825417135,,,101167813.85,1589.825417135,,,89566642.47,34.2258688289,11601171.38,119.0992752901,90804860.85,-33.9440768257,,,,,0.0405,34.5514950166,0.0405,34.5514950166,-80791714.08,43.0310415265,-81722619.26,51.9553647187,930905.18,-96.7082795792,,,,,-78005601.01,-6143.7300350556,,,-78005601.01,-6143.7300350556,,,,,,,,,-3717018.25,97.7986001795,,,,,,,44945178.8,,,,,,,,-48662197.05,71.1798692812,,,,,,,,,20376099.77,115.0011555166,7844023.21,107.5883723479,12532076.56,138.6063017845,,,,,,,,,,,
600490.SH,600490,鹏欣资源,10007134,通用,2021-06-30 00:00:00,中报,2021中报,058001001,2021-08-25 00:00:00,2022-08-27 00:00:00,CNY,4876896232.44,40.1702343786,4876896232.44,40.1702343786,,,,,,,,,,,4805158815.37,35.2360438562,4572375560.5,36.4033623471,,,,,,,,,,,,,,,,,,,1391966.94,-26.393547209,68569049.69,51.0457488742,143121837.57,24.1567661002,,,19700400.67,-48.8341367294,28590970.63,-44.4058436886,16727386.13,-54.0010898765,,,,,,,-2710480.86,-161.192496471,20883819.65,250.1257904179,24822829.08,592.1006249719,,,,,,,,,1002434.19,-4.1530151043,2892033.6,92.6370383287,,,0,,93805223.65,234.9107929954,49277.68,36.8824444444,,,389550.25,12.1665031848,,,,,0,,93464951.08,233.8222809489,10544593.31,96.2253431788,,,,,,,82920357.77,210.242523815,,,82920357.77,210.242523815,,,61500174.82,290.1495481411,21420182.95,149.9616456912,67693395.42,434.6830485451,,,,,0.0278,290.4109589041,0.0278,290.4109589041,6915918.21,-88.5748950839,10432511.84,-66.5827092236,-3516593.63,-111.9963998727,,,,,46823.61,103.8318343617,,,46823.61,103.8318343617,,,,,,,,,10385688.23,-67.9857871431,,,,,,,49273501.31,,,,,,,,10385688.23,-67.9857871431,,,,,,,,,89836275.98,711.8110184687,71932686.66,6498.8384722799,17903589.32,232.0371211028,,,,,,,,,,,
600490.SH,600490,鹏欣资源,10007134,通用,2021-03-31 00:00:00,一季报,2021一季报,058001001,2021-04-28 00:00:00,2022-04-30 00:00:00,CNY,2831236951.55,55.6155010057,2831236951.55,55.6155010057,,,,,,,,,,,2775334642.07,49.8335453616,2662064530.14,52.4076980407,,,,,,,,,,,,,,,,,,,841051.7,-8.4360199439,35719113.07,39.4858856132,68702603.6,26.9299980792,,,8007343.56,-67.9098943365,8685685.6,-80.2530677878,5498687.82,-64.1433790292,,,,,,,-1374737.79,98.4811492725,-8913345.05,-171.9408321031,-3615075.09,17.7228637513,,,,,,,,,-62284.41,-103.7395317187,2866124.04,192.4616367347,,,0,,48418066.27,153.4534772473,1964.43,-99.4204793864,,,0.25,100.0002557123,,,,,0,,48420030.45,153.7146370381,5485724.95,-7.1304437481,,,,,,,42934305.5,144.6999544797,,,42934305.5,144.6999544797,,,37197714.51,164.1533169092,5736590.99,115.0695353536,42667065.76,311.3039607586,,,,,0.0168,164.1221374046,0.0168,164.1221374046,28449117.78,15.0859667961,29433739.37,411.9517755246,-984621.59,-105.1902595602,,,,,530622.29,,,,530622.29,,,,,,,,,,28903117.08,402.7224682972,,,,,,,-2046380.45,,,,,,,,30949497.53,438.3159106256,,,,,,,,,71383423.28,200.0747359944,66631453.88,227.5653088881,4751969.4,124.8834525568,,,,,,,,,,,
600490.SH,600490,鹏欣资源,10007134,通用,2020-12-31 00:00:00,年报,2020年报,058001001,2021-04-09 00:00:00,2022-04-30 00:00:00,CNY,8714332197.6,-41.0688471604,8714332197.6,-41.0688471604,,,,,,,,,,,8752339584.93,-40.7300427773,8351448661.49,-41.3140459287,,,,,,,,,,,,,,,,,,,2716434.4,-76.9804660212,89047937.38,-24.8530811259,280055865.95,-10.5458737922,,,29070685.71,-68.5155260237,63617628.36,-42.9443810118,52648023.48,-29.6830570201,,,,,,,15080465.23,4629.0107170878,411103866.81,-25.3515145165,457374512.65,3038.2915747066,,,,,-18444.08,98.5158919291,-17951876.82,84.1480447927,-1674263.07,85.4392215593,1610097.37,-19.4951315,,,0,,370142458.11,-17.2778986219,242034.89,-71.0749297631,,,367640.49,-98.6785975448,,,,,0,,370016852.51,-11.9987435682,-40863824.73,-129.6093406957,,,,,,,410880677.24,45.4662267175,,,410880677.24,45.4662267175,,,462765486.73,48.8847825717,-51884809.49,-82.9285379344,510409622.55,1448.6996569519,,,,,0.209,47.2868217054,0.209,47.2868217054,-326138560.65,-568.3548423829,-329017503.54,-496.0848290271,2878942.89,121.4326579549,,,,,-2453666.55,81.8212142704,,,-2453666.55,81.8212142704,,,,,,,,,-326563836.99,-438.1808528712,,,,,,,-33921255.19,,,,,,,,-292642581.8,-403.0529001979,,,,,,,,,84742116.59,-75.9318741739,133747983.19,-66.0442146934,-49005866.6,-17.2503146783,,,,,,,,,,,标准无保留意见
600490.SH,600490,鹏欣资源,10007134,通用,2020-09-30 00:00:00,三季报,2020三季报,058001001,2020-10-28 00:00:00,2021-10-28 00:00:00,CNY,6425959181.3,-45.0593301006,6425959181.3,-45.0593301006,,,,,,,,,,,6494658368.44,-44.649769223,6196319830.56,-45.4228668097,,,,,,,,,,,,,,,,,,,2916662.3,-72.9885568177,65965280.05,-25.7363628734,197153200.23,-6.3642793552,,,32303395.3,-54.0153038408,55068337.05,-49.531152912,43134239.1,7.6289765917,,,,,,,24356817.76,132.2045565829,65970423.95,-86.6110529845,125506571.55,5450.8946419245,,,,,,,10896186.3,1217.5526863852,-259863.55,-138.4686878079,1501286.37,223.5530969828,,,0,,33765663.69,-92.7232639772,139000.0,-94.6018515828,,,440325.31,21.3395139903,,,,,0,,33464338.38,-92.8224183998,27477458.74,-79.1725735195,,,,,,,5986879.64,-98.2091562435,,,5986879.64,-98.2091562435,,,66728301.52,-81.2009665508,-60741421.88,-194.1322866637,137466644.15,432.9315574199,,,,,0.0301,-81.4769230769,0.0301,-81.4769230769,-141817081.17,-200.4322843913,-170097283.04,-224.2117638837,28280201.87,563.0290903601,,,,,-1249342.95,,,,-1249342.95,,,,,,,,,,-168847940.09,-223.2994442467,,,,,,,,,,,,,,,-168847940.09,-223.2994442467,,,,,,,,,-135830201.53,-128.5650637559,-103368981.52,-121.0143384242,-32461220.01,-98.1063767716,,,,,,,,,,,
600490.SH,600490,鹏欣资源,10007134,通用,2020-06-30 00:00:00,中报,2020中报,058001001,2020-08-22 00:00:00,2021-08-25 00:00:00,CNY,3479266660.33,-56.2830797582,3479266660.33,-56.2830797582,,,,,,,,,,,3553164288.42,-55.4960762446,3352098864.59,-56.4376483589,,,,,,,,,,,,,,,,,,,1891093.63,-51.6079386811,45396212.87,-23.7989963014,115275101.04,-32.4181964193,,,38503016.29,-29.9139984382,51428014.25,-26.4508239229,36364744.48,89.4056849057,,,,,,,-1037733.05,97.645031025,-13910880.73,-102.6965593569,-5044258.8,-52.6139333372,,,,,,,16767789.58,1785.197767897,1045869.3,617.5788936281,1501286.37,223.5530969828,,,0,,-69531296.62,-115.6208609737,36000.0,-79.6376163138,,,347296.42,-3.1182519619,,,,,0,,-69842593.04,-115.6972035663,5373716.33,-95.3107683531,,,,,,,-75216309.37,-122.7693903767,,,-75216309.37,-122.7693903767,,,-32343055.99,-109.5491029796,-42873253.38,-412.6556082269,-20226120.12,-201.0997937741,,,,,-0.0146,-109.4072164948,-0.0146,-109.4072164948,60532645.09,1919.5492866565,31218903.74,640.3461294237,29313741.35,2503.8217503129,,,,,-1221963.31,,,,-1221963.31,,,,,,,,,,32440867.05,669.32459114,,,,,,,,,,,,,,,32440867.05,669.32459114,,,,,,,,,-14683664.28,-104.4050519117,-1124152.25,-100.3278182556,-13559512.03,-41.5037854783,,,,,,,,,,,
600490.SH,600490,鹏欣资源,10007134,通用,2020-03-31 00:00:00,一季报,2020一季报,058001001,2020-04-30 00:00:00,2021-04-28 00:00:00,CNY,1819379774.67,-45.5650015613,1819379774.67,-45.5650015613,,,,,,,,,,,1852278563.77,-43.6794107549,1746673274.62,-44.8111789478,,,,,,,,,,,,,,,,,,,918539.91,109.5114928883,25607689.92,-0.3392703564,54126372.52,-17.3418439037,,,24952686.8,-22.7300422156,43984987.17,15.2077710891,15335209.15,74.2876910346,,,,,,,-90511711.59,-2618.308154447,12389827.57,26.3330771785,-4393778.46,-286.0161032004,,,,,,,17795280.79,4087.6805338133,1665567.1,26007.090403229,980000.0,111.2068965517,,,0,,-90579825.23,-235.3737854634,338975.0,2903.2045404005,,,-97766.11,-282.0451162876,,,,,0,,-90143084.12,-234.8065237753,5906914.14,-58.6470081417,,,,,,,-96049998.26,-282.6588698151,,,-96049998.26,-282.6588698151,,,-57982527.33,-235.4059763223,-38067470.93,-489.9111787444,10373609.26,-76.1885808414,,,,,-0.0262,-231.0,-0.0262,-231.0,24719884.25,126.3970388246,5749318.74,106.1677413912,18970565.51,4506.8507016731,,,,,,,,,,,,,,,,,,,5749318.74,106.1677413912,,,,,,,,,,,,,,,5749318.74,106.1677413912,,,,,,,,,-71330114.01,-73.71290856,-52233208.59,-3.6482113176,-19096905.42,-304.6250215693,,,,,,,,,,,
600490.SH,600490,鹏欣资源,10007134,通用,2019-12-31 00:00:00,年报,2019年报,058001001,2020-04-30 00:00:00,2021-04-09 00:00:00,CNY,14787309899.26,31.6664141627,14787309899.26,31.6664141627,,,,,,,,,,,14766907207.38,31.2000004091,14230745318.28,32.6244858488,,,,,457422.18,,,,,,,,,,,,,,11800562.09,148.2397315541,118498454.38,43.7778461159,313072049.13,4.8985443676,,,92333401.32,-33.8286802265,111501074.72,-17.3981004777,74872457.83,247.2503971772,,,,,,,318892.6,-99.4924743389,550719635.03,466.0137086284,-15566001.57,-10.3594845346,,,,,-1242772.03,,-113247082.68,-1365.0775624603,-11498444.79,,2000000.0,1823.0943048908,,,0,,447452920.01,249.2174318813,836765.09,309.5684476997,,,27821992.35,1520.4111917712,,,,,0,,420467692.75,232.0770458783,138009910.96,282.2235132057,,,,,,,282457781.79,39.5858802925,,,282457781.79,39.5858802925,,,310821212.71,56.6459202647,-28363430.92,-821.4722190879,32957301.97,-69.790865641,,,,,0.1419,57.6666666667,0.1419,57.6666666667,69634928.72,-69.6061224261,83067433.9,-61.8127231028,-13432505.18,-215.9780148214,,,,,-13497417.19,,,,-13497417.19,,,,,,,,,,96564851.09,-55.6077690861,,,,,,,,,,,,,,,96564851.09,-55.6077690861,,,,,,,,,352092710.51,-18.3955297849,393888646.61,-5.3036791133,-41795936.1,-369.420580626,,,,,,,,,,,标准无保留意见
600490.SH,600490,鹏欣资源,10007134,通用,2019-09-30 00:00:00,三季报,2019三季报,058001001,2019-10-29 00:00:00,2020-10-28 00:00:00,CNY,11696179156.66,9.2522456134,11696179156.66,9.2522456134,,,,,,,,,,,11733751200.79,12.7430387105,11353325959.72,13.555970112,,,,,,,,,,,,,,,,,,,10797876.59,198.6866147458,88825813.82,38.9881166812,210553407.26,-6.2636241867,,,70248143.4,-40.1482284017,109113522.95,5.5077851398,40076790.16,416.8489952951,,,,,,,10489379.76,-44.9706163304,492723019.02,530.6881080287,-2345525.0,69.7150283883,,,,,-998273.32,-1481.7035033895,-975004.26,78.669675103,-108971.77,,464000.0,,,,0,,464022105.3,18.7258712489,2574956.99,-75.8170017066,,,362886.99,1026.9491811236,,,,,0,,466234175.3,16.1374096745,131929207.7,41.7853521859,,,,,,,334304967.6,8.3991189515,,,334304967.6,8.3991189515,,,354956023.14,19.1026364023,-20651055.54,-299.0157241302,25794427.49,-89.2193282879,,,,,0.1625,8.4779706275,0.1625,8.4779706275,141206666.79,-40.8366091445,136941363.46,-39.6959066019,4265303.33,-63.1910487294,,,,,,,,,,,,,,,,,,,136941363.46,-39.6959066019,,,,,,,,,,,,,,,136941363.46,-39.6959066019,,,,,,,,,475511634.39,-13.0809762443,491897386.6,-6.3248900978,-16385752.21,-174.6018367351,,,,,,,,,,,
600490.SH,600490,鹏欣资源,10007134,通用,2019-06-30 00:00:00,中报,2019中报,058001001,2019-08-27 00:00:00,2020-08-22 00:00:00,CNY,7958627096.98,28.3449631206,7958627096.98,28.3449631206,,,,,,,,,,,7983934872.69,31.6156413768,7694944690.33,32.2000585353,,,,,0.0,,,,,,,,,,,,,,3907859.22,31.879402336,59574297.8,44.4556167804,170571211.38,35.9824952827,,,54936813.96,-27.5021385464,69923304.37,5.4701717037,19199394.41,145.5047912455,,,,,,,-44065678.19,-219.4239736419,515875190.9,1685.1634738117,-3305241.33,40.2351828616,,,,,-998273.32,-1481.7035033895,-995004.26,17.4330772232,145749.73,,464000.0,,,,0,,445118209.15,123.0828497895,176796.59,-98.3335335959,,,358474.56,,,,,,0,,444936531.18,111.7338687646,114596947.53,1114.6667253665,,,,,,,330339583.65,64.5895457337,,,330339583.65,64.5895457337,,,338702557.29,94.8359277115,-8362973.64,-131.1293983939,20006094.34,-86.1574496803,,,,,0.1552,72.0620842572,0.1552,72.0620842572,2997334.38,-95.1307083979,4216798.4,-92.233567893,-1219464.02,-116.7954523806,,,,,,,,,,,,,,,,,,,4216798.4,-92.233567893,,,,,,,,,,,,,,,4216798.4,-92.233567893,,,,,,,,,333336918.03,27.101242469,342919355.69,50.3141790317,-9582437.66,-128.0796834074,,,,,,,,,,,
600490.SH,600490,鹏欣资源,10007134,通用,2019-03-31 00:00:00,一季报,2019一季报,058001001,2019-04-30 00:00:00,2020-04-30 00:00:00,CNY,3342297835.68,28.992531138,3342297835.68,28.992531138,,,,,,,,,,,3288812472.66,29.9718706324,3164904126.09,30.148034907,,,,,,,,,,,,,,,,,,,438419.82,-43.1218142553,25694864.98,13.5029743139,65482192.05,7.7694333418,,,32292869.72,123.3172282072,38178837.03,44.0346769271,8798790.7,-24.4921952091,446256.43,,-6379.75,,,,3594147.58,3293.7860574659,9807271.26,-65.0117054103,-1138237.09,-180.3333454342,,,,,,,-446256.43,,6379.75,,464000.0,,,,0,,66910905.18,-24.4737480662,11287.11,-99.8930125614,,,53704.33,,,,,,0,,66868487.96,-32.5533937853,14284127.64,278.7038297472,,,,,,,52584360.32,-44.8633670699,,,52584360.32,-44.8633670699,,,42821246.82,-48.3679406788,9763113.5,-21.4907351186,43565690.86,-17.9993070578,,,,,0.02,-54.3378995434,0.02,-54.3378995434,-93646429.11,43.1172222975,-93215950.14,42.2676153018,-430478.97,86.4133548961,,,,,,,,,,,,,,,,,,,-93215950.14,42.2676153018,,,,,,,,,,,,,,,-93215950.14,42.2676153018,,,,,,,,,-41062068.79,40.7127655551,-50394703.32,35.8248079514,9332634.53,0.7058513541,,,,,,,,,,,
600490.SH,600490,鹏欣资源,10007134,通用,2018-12-31 00:00:00,年报,2018年报,058001001,2019-04-25 00:00:00,2020-04-30 00:00:00,CNY,11230889815.98,85.4381002129,11230889815.98,85.4381002129,,,,,,,,,,,11255264604.68,91.493224242,10730104043.16,97.5230570871,,,,,,,,,,,,,,,,,,,4753695.96,-3.7082560037,82417742.08,26.6938582911,298452234.03,22.8748707041,,,139536889.45,57.1041597555,134986090.35,100.9275869743,21561518.27,179.6123705019,7729767.05,-82.2720542193,,,,,62832803.23,1574.2157798767,97297932.3,108.3431111961,-14104815.4,-1560.6829186415,,,,,,,-7729767.05,,,,103999.06,-51.9193884276,,,0,,128130178.84,-44.1572925556,204304.09,-99.7756224195,,,1716971.13,333.9664860018,,,,,0,,126617511.8,-60.4451818584,-75736609.69,-630.1302949974,,,,,,,202354121.49,-33.832280928,,,202354121.49,-33.832280928,,,198422794.66,-28.7745747252,3931326.83,-85.565583172,109097141.21,-49.5752106982,,,,,0.09,-40.0,0.09,-40.0,229108406.95,201.720834335,217526466.01,198.7491909853,11581940.94,333.9427799382,,,,,,,,,,,,,,,,,,,217526466.01,198.7491909853,,,,,,,,,,,,,,,217526466.01,198.923666105,,,,,,,,,431462528.44,435.3965011062,415949260.67,613.433604079,15513267.77,-30.3870382678,,,,,,,,,,,带强调事项段的无保留意见
600490.SH,600490,鹏欣资源,10007134,通用,2018-09-30 00:00:00,三季报,2018三季报,058001001,2018-10-26 00:00:00,2019-10-29 00:00:00,CNY,10705664758.64,164.8826877769,10705664758.64,164.8826877769,,,,,,,,,,,10407517248.95,167.5158900389,9998000059.81,179.7829502908,,,,,,,,,,,0.0,,,,,,,,3615119.01,13.373608983,63908926.85,11.3075009928,224622944.33,24.526194818,,,117370198.95,92.8308268663,103417508.77,127.1444299625,-12648545.76,-252.2505816326,4570977.07,-69.7104240185,,,0.0,,19061416.03,315.3284426892,78124672.52,-25.7338672299,-7744847.94,-709.4130810139,,,,,72249.46,,-4570977.07,,,,,,,,0,,390834870.63,57.8643233446,10647798.75,1386.845545889,,,32200.83,102.2023792704,,,0.0,,0,,401450468.55,61.6948159454,93048545.33,797.0178950396,,,,,,,308401923.22,29.6331742826,,,308401923.22,29.6331742826,,,298025328.29,34.1834514475,10376594.93,-34.3280759658,239265494.57,64.3860399885,,,,,0.1498,23.9040529363,0.1498,23.9040529363,238672369.43,242.6545647224,227084689.85,237.1041988331,11587679.58,790.3038848432,,,,,,,,,,,,,,,,,,,227084689.85,237.1041988331,,,,,,,,,,,,,,,227084689.85,237.1041988331,,,,,,,,,547074292.65,674.9406162907,525110018.14,829.8324197127,21964274.51,55.5320837587,,,,,,,,,,,
600490.SH,600490,鹏欣资源,10007134,通用,2018-06-30 00:00:00,中报,2018中报,058001001,2018-08-30 00:00:00,2019-08-27 00:00:00,CNY,6200965665.87,225.4008432168,6200965665.87,225.4008432168,,,,,,,,,,,6066098823.19,240.9550117316,5820681757.32,263.1668984453,,,,,0.0,,,,,,,,,,,,,,2963206.65,43.0094447748,41240554.8,21.5979435481,125436153.4,12.0802009124,,,75777151.02,102.0937792299,66296757.88,,7820374.63,,1205088.22,113.3789410434,,,,,36898519.49,263.339195588,28897924.39,31.7014584695,-5530413.19,,,,,,72249.46,,-1205088.22,,,,,,,,0,,199530447.8,58.5567917209,10609070.16,2033.8831470467,,,,,,,,,0,,210139517.96,66.3311056559,9434435.4,37.6368845719,,,,,,,200705082.56,67.9772488665,,,200705082.56,67.9772488665,,,173839887.37,63.8736921568,26865195.19,100.4587105915,144526072.71,28.6909883229,,,,,0.0902,54.188034188,0.0902,54.188034188,61555861.2,167.0687953682,54295181.39,161.1324958874,7260679.81,344.9126995803,,,,,,,,,,,,,,,,,,,54295181.39,161.1324958874,,,,,,,,,,,,,,,54295181.39,161.1324958874,,,,,,,,,262260943.76,846.6772270503,228135068.76,1221.2926684005,34125875.0,226.9619913303,,,,,,,,,,,
600490.SH,600490,鹏欣资源,10007134,通用,2018-03-31 00:00:00,一季报,2018一季报,058001001,2018-04-27 00:00:00,2019-04-30 00:00:00,CNY,2591078573.46,207.0512593615,2591078573.46,207.0512593615,,,,,,,,,,,2530403276.23,240.6636214841,2431772503.02,261.1869444662,,,,,,,,,,,0.0,,,,,,,,770804.86,66.6458958756,22638054.32,45.8768301265,60761377.34,51.2251381531,,,14460536.69,10.3583231524,26506698.14,,11652822.81,,,,,,0.0,,-112535.64,97.4798257148,28030149.44,4255.6444121061,-406029.86,,,,,,,,,,,,,,,,0,,88592911.03,-7.6505651508,10549939.46,,,,,,,,0.0,,0,,99142850.49,3.3467137003,3771846.63,4.8965069061,,,,,,,95371003.86,3.2863614627,,,95371003.86,3.2863614627,,,82935384.3,-1.5926288115,12435619.56,54.3095440017,53128442.33,-43.7556306189,,,,,0.0438,-9.1286307054,0.0438,-9.1286307054,-164630548.81,-668.0675743459,-161462150.97,-661.4780902971,-3168397.84,-1273.9689599194,,,,,,,,,,,,,,,,,,,-161462150.97,-661.4780902971,,,,,,,,,,,,,,,-161462150.97,-661.4780902971,,,,,,,,,-69259544.95,-197.6833346975,-78526766.67,-224.4997549997,9267221.72,18.3813685658,,,,,,,,,,,
600490.SH,600490,鹏欣资源,10007134,通用,2017-12-31 00:00:00,年报,2017年报,058001001,2018-03-15 00:00:00,2019-04-25 00:00:00,CNY,6056409013.62,136.5703501305,6056409013.62,136.5703501305,,,,,,,,,,,5877630735.62,139.0757897926,5432329876.52,149.6629524017,,,,,,,,,,,0.0,,,,,,,,4936763.8,419.5425979434,65052673.58,12.0138186428,242891188.67,41.9360328994,,,88818074.37,80.1568382929,67181461.93,,7711217.58,,43602158.68,1279.2715579752,,,0.0,,3752969.24,-82.2987604624,46700815.66,496.1925467608,965631.57,201.3654708616,,,,,,,,,,,216301.45,,,,0,,229448364.35,75.6273029348,91053700.43,22417.4228260609,,,395646.02,12595.122123394,,,0.0,,0,,320106418.76,144.2697190971,14286414.19,33.1533280094,,,,,,,305820004.57,154.1785483227,,,305820004.57,154.1785483227,,,278584218.9,441.0152077027,27235785.67,-60.4269857832,216356166.72,470.8889045045,,,,,0.15,400.0,0.15,400.0,-225232528.27,-192.9447104697,-220281770.25,-282.6111924063,-4950758.02,-104.0679769919,,,,,,,,,,,,,,,,,,,-220281770.25,-282.6111924063,-388518.64,-200.0,,,,,,,,,,,,,-219893251.61,-282.8781243865,,,,,,,,,80587476.3,-77.7779578594,58302448.65,-66.1271958386,22285027.65,-88.3033500965,,,,,,,,,,,标准无保留意见
600490.SH,600490,鹏欣资源,10007134,通用,2017-09-30 00:00:00,三季报,2017三季报,058001001,2017-10-14 00:00:00,2018-10-26 00:00:00,CNY,4041662687.92,99.373494679,4041662687.92,99.373494679,,,,,,,,,,,3890429554.46,101.9840565905,3573484391.89,106.5829964936,,,,,,,,,,,0.0,,,,,,,,3188677.72,,57416549.9,26.674799501,180382083.19,61.676142305,,,60866927.17,86.4757228448,45529405.58,,-3590780.66,,15090924.59,123.0750879968,,,0.0,,-8852251.84,-173.2202765132,105195557.66,1127.1050473049,-956847.39,-49.4534683319,,,,,,,,,,,,,,,0,,247576439.28,103.3701734033,716133.48,50.993709754,,,15925.05,-87.8945435235,,,0.0,,0,,248276647.71,103.3727967355,10373098.0,88.527512947,,,,,,,237903549.71,104.0734575786,,,237903549.71,,,,222102893.52,357.0550068999,15800656.19,-76.7579518326,145550981.45,353.6429422264,,,,,0.1209,344.4852941176,0.1209,344.4852941176,-167307909.07,-258.4417216857,-165629274.51,-417.0519458028,-1678634.56,-103.1461354567,,,,,,,,,,,,,,,,,,,-165629274.51,-417.0519458028,,,,,,,,,,,,,,,-165629274.51,-417.0519458028,,,,,,,,,70595640.64,-68.2249629773,56473619.01,-43.9939022354,14122021.63,-88.361467484,,,,,,,,,,,
600490.SH,600490,鹏欣资源,10007134,通用,2017-06-30 00:00:00,中报,2017中报,058001001,2017-08-18 00:00:00,2018-08-30 00:00:00,CNY,1905639089.49,41.2333501821,1905639089.49,41.2333501821,,,,,,,,,,,1779149334.8,33.91447057,1602756689.07,33.3784108702,,,,,,,,,,,,,,,,,,,2072035.63,,33915503.5,26.3767328685,111916424.47,50.5053256516,,,37496033.43,98.1006284952,,,,,-9007351.3,-232.7521589818,,,,,-22590119.51,-570.6263171478,21941992.69,11.5228140218,,,,,,,,,,,,,,,,,0,,125841627.87,178.4871703406,497172.03,243.4618341106,,,724.33,-95.0742403573,,,,,0,,126338075.57,178.7834787353,6854583.66,25.4640876341,,,,,,,119483491.91,199.8011254038,,,119483491.91,,,,106081632.19,460.9277620096,13401859.72,-36.0061968195,112304734.46,4191.4448246903,,,,,0.0585,408.6956521739,0.0585,408.6956521739,-91780180.13,-217.790667944,-88815580.98,-329.8263634975,-2964599.15,-107.5486193225,,,,,,,,,,,,,,,,,,,-88815580.98,-329.8263634975,,,,,,,,,,,,,,,-88815580.98,-329.8263634975,,,,,,,,,27703311.78,-76.4772243463,17266051.21,-70.0015415072,10437260.57,-82.6669155514,,,,,,,,,,,
600490.SH,600490,鹏欣资源,10007134,通用,2017-03-31 00:00:00,一季报,2017一季报,058001001,2017-04-26 00:00:00,2018-04-27 00:00:00,CNY,843858637.43,43.3400419706,843858637.43,43.3400419706,,,,,,,,,,,742786466.37,30.1159235443,673272536.64,31.6013215541,,,,,,,,,,,0.0,,,,,,,,462540.56,,15518608.61,-43.0431616576,40179415.99,11.6340280671,,,13103258.8,368.8393878506,,,,,250105.77,103.6953309327,,,0.0,,-4465391.17,-890.8549769519,-674507.89,-103.1684155042,,,,,,,,,,,,,,,,,0,,95932272.0,141.6491058936,,,,,,,,,0.0,,0,,95932272.0,140.7756430167,3595779.06,,,,,,,,92336492.94,131.7507758133,,,92336492.94,,,,84277613.86,185.3932945133,8058879.08,-21.8545989589,94460019.58,219.4775581395,,,,,0.0482,143.4343434343,0.0482,143.4343434343,-21434383.42,17.5124883989,-21203781.57,18.399930431,-230601.85,,,,,,,,,,,,,,,,,,,,-21203781.57,18.399930431,,,,,,,,,,,,,,,-21203781.57,18.399930431,,,,,,,,,70902109.52,411.6327193328,63073832.29,1679.0645089592,7828277.23,-24.0907007629,,,,,,,,,,,
600490.SH,600490,鹏欣资源,10007134,通用,2016-12-31 00:00:00,年报,2016年报,058001001,2017-04-08 00:00:00,2018-03-15 00:00:00,CNY,2560087944.36,43.1767716916,2560087944.36,43.1767716916,,,,,,,,,,,2458480108.22,42.0293642406,2175865431.48,47.133286768,,,,,,,,,,,0.0,,,,,,,,950213.48,903.1454529715,58075578.86,-1.1564767235,171127220.98,4.2464618942,,,49300418.02,783.2511970133,,,,,3161245.4,-86.56990451,,,0.0,,21201731.28,1261.8308318674,7833176.7,191.1257098658,-952623.77,74.4071980079,,,,,2298.26,,,,,,,,,,0,,130645042.38,179.9096132869,404369.99,-92.2046463578,144753.21,7850.5898959718,3116.52,-99.8238264162,142454.95,-86.6025537044,0.0,,0,,131046295.85,161.6095249509,10729295.62,5.2125667593,,,,,,,120317000.23,201.5872290664,,,120317000.23,,,,51492862.85,162.4457108618,68824137.38,239.466476415,37898120.81,59.2300194652,,,,,0.03,200.0,0.03,200.0,242329581.89,16.1571468878,120628843.91,17.7952976497,121700737.98,14.5777755415,,,,,,,,,,,,,,,,,,,120628843.91,17.7952976497,388518.64,,,,,,,,,,,,,,120240325.27,17.4159052312,,,,,,,,,362646582.12,45.9243833376,172121706.76,41.0534561004,190524875.36,50.6233701769,,,,,,,,,,,标准无保留意见
600490.SH,600490,鹏欣资源,10007134,通用,2016-09-30 00:00:00,三季报,2016三季报,058001001,2016-10-26 00:00:00,2017-10-14 00:00:00,CNY,2027181544.08,52.1453631194,2027181544.08,52.1453631194,,,,,,,,,,,1926107248.33,56.6338178914,1729805672.56,66.0421879661,,,,,,,,,,,,,,,,,,,,,45325944.96,-34.1867942507,111570006.94,5.6074666442,,,32640670.99,160.8742347292,,,,,6764952.88,675.2875792587,,,,,12089891.3,1228.1945948915,8572661.15,264.0980331035,-640230.97,-6006.3913620668,,,,,,,,,,,,,,,0,,121736848.2,23.7213416376,474280.34,-90.4711716735,,,131552.66,-87.3951137531,128936.14,2768.5304292691,,,0,,122079575.88,19.3002917071,5502166.68,464.6247853247,,,,,,,116577409.2,13.9233882799,,,,,,,48594346.45,30.9097180651,67983062.75,4.2538693916,32084921.4,-9.6824756231,,,,,0.0272,8.3665338645,0.0272,8.3665338645,105595866.6,-33.7694812976,52240422.02,-30.5587103883,53355444.58,-36.6379410253,,,,,,,,,,,,,,,,,,,52240422.02,-30.5587103883,,,,,,,,,,,,,,,52240422.02,-30.5587103883,,,,,,,,,222173275.8,-15.1254058302,100834768.47,-10.2495301945,121338507.33,-18.7917053121,,,,,,,,,,,
600490.SH,600490,鹏欣资源,10007134,通用,2016-06-30 00:00:00,中报,2016中报,058001001,2016-08-20 00:00:00,2017-08-18 00:00:00,CNY,1349284065.72,59.7133849852,1349284065.72,59.7133849852,,,,,,,,,,,1328571383.83,80.0521327045,1201661257.33,82.9480285367,,,,,,,,,,,,,,,,,,,,,26836825.68,-18.0836916262,74360441.39,32.6087521006,,,18927771.06,319.2248956878,,,,,6785088.37,700.9932482048,,,,,4800011.96,427.3289711618,19674891.53,475.5586089068,,,,,,,,,,,,,,,,,0,,45187585.38,-55.9600127948,144753.21,-97.0917443362,,,14704.94,-98.5789448635,12088.42,168.939341691,,,0,,45317633.65,-57.467536628,5463383.02,,,,,,,,39854250.63,-62.5951463346,,,,,,,18911817.06,-57.7660989664,20942433.57,-66.0958784262,2616944.62,-93.9390597676,,,,,0.0115,-62.0462046205,0.0115,-62.0462046205,77918040.31,2440.9175896489,38644644.43,1261.013900401,39273395.88,,,,,,,,,,,,,,,,,,,,38644644.43,1261.013900401,,,,,,,,,,,,,,,38644644.43,1261.013900401,,,,,,,,,117772290.94,14.0985300728,57556461.49,33.3800592607,60215829.45,0.2467865587,,,,,,,,,,,
600490.SH,600490,鹏欣资源,10007134,通用,2016-03-31 00:00:00,一季报,2016一季报,058001001,2016-04-23 00:00:00,2017-04-26 00:00:00,CNY,588711029.96,46.4204794129,588711029.96,46.4204794129,,,,,,,,,,,570865153.27,58.3615608175,511600133.41,64.8884731773,,,,,,,,,,,,,,,,,,,,,27246260.61,46.2097402343,35992086.54,14.1671390297,,,2794828.92,5390.295568854,,,,,-6768156.21,,,,,,564628.32,-84.6801519427,21288492.28,367.1261318945,,,,,,,,,,,,,,,,,0,,39698997.29,6.4237052351,144016.23,,,,,,,,,,0,,39843013.52,6.8226507304,,,,,,,,,39843013.52,6.8226507304,,,,,,,29530341.28,99.0390996705,10312672.24,-54.0880132248,29567028.16,97.367905929,,,,,0.0198,98.0,0.0198,98.0,-25985004.28,-340.0839980642,-25985004.28,-597.2484413278,,,,,,,,,,,,,,,,,,,,,-25985004.28,-597.2484413278,,,,,,,,,,,,,,,-25985004.28,-597.2484413278,,,,,,,,,13858009.24,-71.20208956,3545337.0,-82.3282839507,10312672.24,-63.2469544617,,,,,,,,,,,
600490.SH,600490,鹏欣资源,10007134,通用,2015-12-31 00:00:00,年报,2015年报,058001001,2016-04-23 00:00:00,2017-04-08 00:00:00,CNY,1788060950.19,-17.0517547484,1788060950.19,-17.0517547484,,,,,,,,,,,1730966072.66,-11.3708863812,1478839682.9,-14.2813565063,,,,,,,,,,,,,,,,,,,94723.4,,58755067.54,-6.6180833533,164156382.74,6.6048608899,,,5581698.41,278.0803991197,,,,,23538517.67,67.5490969665,,,,,-1824855.28,-100.4784707498,-8596011.72,-620.4842434449,-3722233.19,-735.999207665,,,,,,,,,,,,,,,0,,46674010.53,-77.04532682,5187320.66,3212.8490490533,1820.66,,1769005.28,-76.1391298502,1063299.28,-83.1518012768,,,0,,50092325.91,-74.4523285479,10197732.03,-4.134757385,,,,,,,39894593.88,-78.4861007078,,,,,,,19620386.51,-68.4205664366,20274207.37,-83.5578232147,23800864.27,-63.0382621717,,,,,0.01,-75.0,0.01,-75.0,208622188.46,1805.5713935956,102405483.34,1839.3199240405,106216705.12,1774.1275990501,,,,,,,,,,,,,,,,,,,102405483.34,1839.3199240405,,,,,,,,,,,,,,,102405483.34,1839.3199240405,,,,,,,,,248516782.34,26.5461029256,122025869.85,81.0184086089,126490912.49,-1.9249810915,,,,,,,,,,,标准无保留意见
600490.SH,600490,鹏欣资源,10007134,通用,2015-09-30 00:00:00,三季报,2015三季报,058001001,2016-02-04 00:00:00,2016-10-26 00:00:00,CNY,1332397848.03,-29.4543128355,1332397848.03,-29.4543128355,,,,,,,,,,,1229687990.92,-29.2672462412,1041786845.71,-32.4346859865,,,,,,,,,,,,,,,,,,,94723.4,,68870592.83,42.0795490569,105645945.77,9.7725599959,,,12512033.25,-61.1213387789,,,,,872573.36,-95.5721403813,,,,,910250.0,,-5224109.63,-359.4423618005,10839.63,1232.5830126747,,,,,,,,,,,,,,,0,,98395997.48,-35.3580644199,4977320.65,2077.2748574025,,,1043664.0,45.2834293919,4494.85,-99.3742936207,,,0,,102329654.13,-32.5568216482,-1508994.15,-128.2188202623,,,,,,,102329654.13,-30.0930198538,,,,,,,37120503.48,-29.9685507101,65209150.65,-30.1636768659,35524580.22,-33.1612665942,,,,,0.0251,-29.8882681564,0.0251,-29.8882681564,159436870.9,465.8469561399,75229625.36,,84207245.54,,,,,,,,,,,,,,,,,,,,75229625.36,,65935081.84,,,,,,,,,,,,,,75229625.36,,,,,,,,,,261766525.04,49.9609883229,112350128.85,68.4490850389,149416396.19,38.5285673422,,,,,,,,,,,
600490.SH,600490,鹏欣资源,10007134,通用,2015-06-30 00:00:00,中报,2015中报,058001001,2015-08-25 00:00:00,2016-08-20 00:00:00,CNY,844815896.83,-34.86005728,844815896.83,-34.86005728,,,,,,,,,,,737881503.47,-37.0255683508,656832034.18,-36.0887417193,,,,,,,,,,,,,,,,,,,,,32761273.32,1.8040533637,56075063.08,-15.4177238745,,,-8633951.45,-132.4836473507,,,,,847084.34,-95.5262077149,,,,,910250.0,,-5238833.85,-244.803948639,10839.63,216.6038694753,,,,,,,,,,,,,,,0,,102605809.51,-20.3534251078,4977320.66,3102.6930616262,,,1034790.25,44.1859980672,4494.85,,,,0,,106548339.92,-16.9305220333,,,,,,,,,106548339.92,-9.0458445978,,,,,,,44778759.71,8.0629740992,61769580.21,-18.4101709689,43177205.51,3.8366211332,,,,,0.0303,8.2142857143,0.0303,8.2142857143,-3328525.56,-111.6451468722,-3328525.56,-111.6451468722,,,,,,,,,,,,,,,,,,,,,-3328525.56,-111.6451468722,,,,,,,,,,,,,,,-3328525.56,-111.6451468722,,,,,,,,,103219814.37,-29.1695611678,43152223.66,-22.0016644743,60067590.71,-33.5561237561,,,,,,,,,,,
600490.SH,600490,鹏欣资源,10007134,通用,2015-03-31 00:00:00,一季报,2015一季报,058001001,2015-04-29 00:00:00,2016-04-23 00:00:00,CNY,402068776.39,-42.6625773542,402068776.39,-42.6625773542,,,,,,,,,,,360482146.25,-39.4835239853,310270404.93,-41.1299632037,,,,,,,,,,,,,,,,,,,,,18635051.65,-20.1225774911,31525784.78,6.5045875325,,,50904.89,-99.6758286528,,,,,,,,,,,3685600.0,,-7969453.28,-562.2441755384,5160.77,1565.711445612,,,,,,,,,,,,,,,0,,37302776.86,-65.2288336324,,,,,4494.85,-99.337605232,4494.85,-99.337605232,,,0,,37298282.01,-65.3663243327,,,,,,,,,37298282.01,-58.7939095542,,,,,,,14836452.4,-61.350547099,22461829.61,-56.9112370645,14980666.7,-60.8498589663,,,,,0.01,-61.5384615385,0.01,-61.5384615385,10823297.05,-60.920002944,5225758.82,-61.0920500636,5597538.23,-60.7580039038,,,,,,,,,,,,,,,,,,,5225758.82,-61.0920500636,,,,,,,,,,,,,,,5225758.82,-61.0920500636,,,,,,,,,48121579.06,-59.292021616,20062211.22,-61.2835457791,28059367.84,-57.7376882531,,,,,,,,,,,
600490.SH,600490,鹏欣资源,10007134,通用,2014-12-31 00:00:00,年报,2014年报,058001001,2015-04-28 00:00:00,2016-04-23 00:00:00,CNY,2155634449.85,-2.8489851077,2155634449.85,-2.8489851077,,,,,,,,,,,1953044549.34,-0.1498995717,1725225251.62,-0.4277396903,,,,,,,,,,,,,,,,,,,,,62919106.45,-14.6873846042,153985832.7,34.88027457,,,-3134369.89,-109.3909571338,,,,,14048728.46,682.9626083181,,,,,-910250.0,,1651541.2,149.6370380264,585257.52,1027.0206454072,,,,,,,,,,,,,,,0,,203331191.71,-21.6587024042,156581.86,-98.4373127143,,,7413833.9,585.532812403,6311056.14,917.3668079447,,,0,,196073939.67,-26.9699487177,10637569.73,-67.5036994883,,,,,,,185436369.94,-21.3416769914,,,,,,,62130267.38,-37.1128696557,123306102.56,-9.9644796747,64393250.07,-32.3967937076,,,,,0.04,-40.119760479,0.04,-40.119760479,10948012.19,129.5169839837,5280484.26,131.005650288,5667527.93,128.2531125529,,,,,,,,,,,,,,,,,,,5280484.26,131.005650288,,,,,,,,,,,,,,,5280484.26,131.005650288,,,,,,,,,196384382.13,-1.1448127979,67410751.64,-17.5562566408,128973630.49,10.3348768621,,,,,,,,,,,标准无保留意见
600490.SH,600490,鹏欣资源,10007134,通用,2014-09-30 00:00:00,三季报,2014三季报,058001001,2015-10-31 00:00:00,2016-02-04 00:00:00,CNY,1888702061.86,27.3080732793,1888702061.86,27.3080732793,,,,,,,,,,,1738498680.7,26.9519344728,1541895957.89,30.073644213,,,,,,,,,,,,,,,,,,,,,48473262.54,-9.580463639,96240759.78,-8.2649025681,,,32182263.63,35.4139940484,,,,,19706436.86,1041.8232026612,,,,,,,2013591.61,206.6174348973,813.43,103.2282119604,,,,,,,,,,,,,,,0,,152216972.77,35.587584696,228603.23,-96.1761956067,,,718364.1,54.479979865,718364.1,54.479979865,,,0,,151727211.9,28.8246536995,5347474.26,10.4825085585,,,,,,,146379737.64,29.6107310767,,,,,,,53005476.62,11.6878569142,93374261.02,42.6009899067,53149690.92,12.1731234278,,,,,0.0358,-34.4322344322,0.0358,-34.4322344322,28176677.31,144.6977752835,,,,,,,,,,,,,,,,,,,,,,,,,,,,,,,,,,,,,,,,,,,,,,,,,174556414.95,249.814086107,66696787.83,299.1754777062,107859627.12,224.9652278999,,,,,,,,,,,
600490.SH,600490,鹏欣资源,10007134,通用,2014-06-30 00:00:00,中报,2014中报,058001001,2014-08-23 00:00:00,2015-08-25 00:00:00,CNY,1296924531.33,15.8770191526,1296924531.33,15.8770191526,,,,,,,,,,,1171716018.94,18.9905540119,1027725086.08,17.6463603492,,,,,,,,,,,,,,,,,,,,,32180716.03,-15.1121080791,66296469.72,27.200836526,,,26579378.1,37.1454602609,,,,,18934369.01,992.9891687542,,,,,,,3617880.52,264.9858984158,3423.72,105.9771366301,,,,,,,,,,,,,,,0,,128826392.91,-2.6392793411,155410.48,102.5046335773,,,717677.35,,,,,,0,,128264126.04,-3.1204029729,11119022.06,-48.3876403239,,,,,,,117145103.98,5.6769716096,,,,,,,41437652.52,7.6339707395,75707451.46,4.6356676077,41581866.82,8.224303089,,,,,0.028,-36.7945823928,0.028,-36.7945823928,28582941.86,161.2621820728,28582941.86,,,,,,,,,,,,,,,,,,,,,,28582941.86,,,,,,,,,,,,,,,,28582941.86,,,,,,,,,,145728045.84,127.0072884058,55324544.26,249.6848510821,90403501.58,86.8842650663,,,,,,,,,,,
600490.SH,600490,鹏欣资源,10007134,通用,2014-03-31 00:00:00,一季报,2014一季报,058001001,2014-04-29 00:00:00,2015-04-29 00:00:00,CNY,701232733.94,13.1514853853,701232733.94,13.1514853853,,,,,,,,,,,595676037.32,18.7779449377,527042994.73,16.5536709912,,,,,,,,,,,,,,,,,,,,,23329560.55,180.9629285784,29600400.8,-2.539374614,,,15703081.24,47.5891036736,,,,,,,,,,,,,1724078.68,189.7075605589,-352.1,98.8551038113,,,,,,,,,,,,,,,0,,107280775.3,-7.7577933138,1091486.66,81305.0208456083,,,678575.71,,678575.71,,,,0,,107693686.25,-7.4038315269,17177256.26,-37.8000641442,,,,,,,90516429.99,2.0610752303,,,,,,,38387224.88,24.6620016427,52129205.11,-9.9597541202,38264655.77,24.2693711049,,,,,0.026,-51.0357815443,0.026,-51.0357815443,27695235.07,560.2170951321,13431082.41,,14264152.66,,,,,,,,,,,,,,,,,,,,13431082.41,,,,,,,,,,,,,,,,13431082.41,,,,,,,,,,118211665.06,42.991125993,51818307.29,85.8758424789,66393357.77,21.1718676652,,,,,,,,,,,
600490.SH,600490,鹏欣资源,10007134,通用,2013-12-31 00:00:00,年报,2013年报,058001001,2015-04-28 00:00:00,2016-02-04 00:00:00,CNY,2218849131.16,51.7820905033,2218849131.16,51.7820905033,,,,,,,,,,,1955976549.81,71.0772041047,1732636425.3,65.8257471406,,,,,,,,,,,,,,,,,,,253290.46,-46.4527274251,73751233.81,335.0249852081,114164827.43,96.259537398,,,33376468.93,55.6691939579,,,,,1794303.88,24.7145183254,,,,,,,-3327235.6,-119.24432416,-63133.17,74.2764415572,,,,,,,,,,,,,,,0,,259545345.75,-22.7338070175,10020038.01,92.0524948318,130230.8,,1081470.32,569.239272818,620332.42,283.8762932174,,,0,,268483913.44,-21.2579473761,32734709.99,127.2639205182,,,,,,,235749203.45,-27.8088636638,,,,,,,98796474.0,-22.6982686206,136952729.45,-31.0951311616,95251769.26,-25.4717665253,,,,,0.0668,-72.1666666667,0.0668,-72.1666666667,-37090551.65,-104.3985210397,-17030716.05,,-20059835.6,,,,,,,,,,,,,,,,,,,,-17030716.05,,,,,,,,,,,,,,,,-17030716.05,,,,,,,,,,198658651.8,-35.5875073748,81765757.95,114.1422200029,116892893.85,-86.8153632927,,,,,,,,,,,标准无保留意见
600490.SH,600490,鹏欣资源,10007134,通用,2013-09-30 00:00:00,三季报,2013三季报,058001001,2013-10-31 00:00:00,2014-10-25 00:00:00,CNY,1483568176.95,136.2599149062,1483568176.95,136.2599149062,,,,,,,,,,,1369414879.67,191.270165016,1185402290.54,215.3068890759,,,,,,,,,,,,,,,,,,,,,53609280.13,16099.3328933881,104911601.42,165.3960505723,,,23765832.96,-55.7073902576,,,,,1725874.62,720.6429324815,,,,,,,-1888613.82,-67.6165537131,-25197.54,66.2982203188,,,,,,,,,,,,,,,0,,112264683.46,-28.4083103044,5978423.75,1917.1361928615,,,465020.84,396.7626308524,465020.84,396.7626308524,,,0,,117778086.37,-24.9893836026,4840109.38,,,,,,,,112937976.99,-28.0719569336,,,,,,,47458585.1,-25.7939419635,65479391.89,-29.6375127072,47381840.94,-26.093360014,,,,,0.0546,-54.5,0.0546,-54.5,-63038209.69,-595.3505312864,,,,,,,,,,,,,,,,,,,,,,,,,,,,,,,,,,,,,,,,,,,,,,,,,49899767.3,-70.6024427167,16708638.57,-74.902319925,33191128.73,-67.8276936558,,,,,,,,,,,
600490.SH,600490,鹏欣资源,10007134,通用,2013-06-30 00:00:00,中报,2013中报,058001001,2013-08-28 00:00:00,2014-08-23 00:00:00,CNY,1119224968.69,403.4415626667,1119224968.69,403.4415626667,,,,,,,,,,,984713474.67,263.3153111682,873571509.59,321.8680842596,,,,,,,,,,,,,,,,,,,,,37909665.68,19253.224778023,52119523.37,124.7332368261,,,19380428.67,-51.4278906113,,,,,1732347.36,723.7206811622,,,,,,,-2192842.27,27.046886895,-57280.27,-165.7216357634,,,,,,,,,,,,,,,0,,132318651.75,356.1913804668,76744.16,-74.1063147746,,,,,,,,,0,,132395395.91,357.3503276823,21543332.12,,,,,,,,110852063.79,315.4743731422,,,,,,,38498674.94,235.1718813058,72353388.85,415.0687767563,38421930.78,864.4275298118,,,,,0.0443,123.121085595,0.0443,123.121085595,-46656747.92,-62.9624049387,,,,,,,,,,,,,,,,,,,,,,,,,,,,,,,,,,,,,,,,,,,,,,,,,64195315.87,180.1680195509,15821258.51,136.9241495588,48374057.36,229.940093562,,,,,,,,,,,
600490.SH,600490,鹏欣资源,10007134,通用,2013-03-31 00:00:00,一季报,2013一季报,058001001,2013-04-27 00:00:00,2014-04-29 00:00:00,CNY,619729145.89,664.4603782816,619729145.89,664.4603782816,,,,,,,,,,,501503909.36,383.480131647,452189099.02,464.6195736836,,,,,,,,,,,,,,,,,,,,,8303430.16,10831.9137019956,30371650.79,37.5435416224,,,10639729.39,618.6589659589,,,,,,,,,,,,,-1921887.82,-2113.5371867127,-30753.88,-132.220445112,,,,,,,,,,,,,,,0,,116303348.71,615.416007703,1340.81,-99.4117935823,,,,,,,,,0,,116304689.52,620.6818266608,27616196.1,,,,,,,,88688493.42,497.0475046905,,,,,,,30793043.89,324.1367953163,57895449.53,773.3208508831,30791703.08,,,,,,0.0531,151.0086455331,0.0531,151.0086455331,-6017863.17,,,,,,,,,,,,,,,,,,,,,,,,,,,,,,,,,,,,,,,,,,,,,,,,,,82670630.25,470.106269553,27877913.88,302.9181103203,54792716.37,737.2362379229,,,,,,,,,,,
600490.SH,600490,鹏欣资源,10007134,通用,2012-12-31 00:00:00,年报,2012年报,058001001,2013-04-27 00:00:00,2014-04-29 00:00:00,CNY,1461864916.87,272.6697962078,1461864916.87,272.6697962078,,,,,,,,,,,1143329738.2,143.088250418,1044853682.36,184.2730132393,,,,,,,,,,,,,,,,,,,473022.15,-25.4753019385,16953332.87,3003.8469095515,58170333.5,-27.6966185246,,,21440638.37,5.7105085173,,,,,1438728.95,66.1544204438,,,,,86000.0,,17289438.55,152.8673755138,-245429.38,-127.3414938257,,,,,,,,,,,,,,,0,,335910617.22,571.5875384528,5217343.32,19.0587254655,,,161596.96,-83.4441725511,161596.96,428.3429271664,,,0,,340966363.58,602.7247929109,14403830.54,,,,,,,,326562533.04,581.4876167586,-47121553.97,,,,,,127806288.73,349.9483430404,198756244.31,1290.8288046733,127806288.73,349.9483430404,,,,,0.24,161.5384615385,0.24,161.5384615385,-18146193.75,4.4172173749,,,,,,,,,,,,,,,,,,,,,,,,,,,,,,,,,,,,,,,,,,,,,,,,,308416339.29,455.2837550386,-578167769.51,-724.5654547712,886584108.8,5411.8828955026,,,,,,,,,,,标准无保留意见
600490.SH,600490,鹏欣资源,10007134,通用,2012-09-30 00:00:00,三季报,2012三季报,058001001,2012-10-31 00:00:00,2013-10-31 00:00:00,CNY,627939012.65,112.1041196934,627939012.65,112.1041196934,,,,,,,,,,,470152814.86,30.4842414383,375951915.93,32.9017831583,,,,,,,,,,,,,,,,,,,473022.15,176.558680139,330935.11,88.8487486003,39530204.46,-35.0209833074,,,53656429.59,233.1302017992,,,,,210307.62,44.05153447,,,,,153000.0,,-1126746.6,-136.692006127,-74766.2,,,,,,,,,,,,,,,,0,,156812451.19,356.2680371163,296381.76,-94.4656898702,,,93610.27,-86.8664937696,93610.27,,,,0,,157015222.68,377.6661558251,,,,,,,,,157015222.68,377.6661558251,,,,,,,63955135.68,2556.9062489322,93060087.0,272.5087905618,64110397.86,695.7223066259,,,,,0.12,700.0,0.12,700.0,12725980.03,,,,,,,,,,,,,,,,,,,,,,,,,,,,,,,,,,,,,,,,,,,,,,,,,,169741202.71,400.1708142507,66574434.45,2657.5294662455,103166768.26,291.2439047977,,,,,,,,,,,
600490.SH,600490,鹏欣资源,10007134,通用,2012-06-30 00:00:00,中报,2012中报,058001001,2012-08-31 00:00:00,2013-08-28 00:00:00,CNY,222314773.29,48.9351391281,222314773.29,48.9351391281,,,,,,,,,,,271035501.23,67.3559704252,207072196.78,40.7233669579,,,,,,,,,,,,,,,,,,,465061.56,342.1272690248,195882.94,47.2145468756,23191729.05,89.5474198605,,,39900323.28,1631.8680679151,,,,,210307.62,720.4107522578,,,,,78190.0,,-3005824.12,-207.4328399756,87155.88,143.1173198281,,,,,,,,,,,,,,,0,,-51648362.06,-422.5392950478,296381.76,-88.1218618084,,,93610.27,-50.5100736108,63610.27,496.9348216757,,,0,,-51445590.57,-578.8742363249,,,,,,,,,-51445590.57,-578.8742363249,,,,,,,-28481274.78,-276.8496493089,-22964315.79,-112774.993253841,-5026235.88,60.9249637061,,,,,-0.1916,-219.3333333333,-0.1916,-219.3333333333,-28630375.17,,,,,,,,,,,,,,,,,,,,,,,,,,,,,,,,,,,,,,,,,,,,,,,,,,-80075965.74,-956.6796782273,-42847997.04,-466.9427644248,-37227968.7,-182884.189657266,,,0.0,,,,0.0,,,,标准无保留意见
600490.SH,600490,鹏欣资源,10007134,通用,2012-03-31 00:00:00,一季报,2012一季报,058001001,2012-04-28 00:00:00,2013-04-27 00:00:00,CNY,81067529.92,-15.0387719068,81067529.92,-15.0387719068,,,,,,,,,,,103727925.21,4.3228676328,80087393.37,-13.7316140746,,,,,,,,,,,,,,,,,,,2597.44,-68.8227386211,75955.87,-12.736038242,22081480.84,319.7077480885,,,1480497.69,22.3569496058,,,,,,,,,,,,,95448.34,-97.0798823413,95448.34,-64.4707297374,,,,,,,,,,,,,,,0,,-22564946.95,-2933.0240371853,227948.89,-90.8644566519,,,,,,,,,0,,-22336998.06,-1376.2798386147,,,,,,,,,-22336998.06,-1376.2798386147,,,,,,,-13738504.58,-885.08555101,-8598493.49,-3782151.23817902,,,,,,,-0.1041,-1141.0,-0.1041,-1141.0,,,,,,,,,,,,,,,,,,,,,,,,,,,,,,,,,,,,,,,,,,,,,,,,,,,-22336998.06,-1376.2798386147,-13738504.58,-885.08555101,-8598493.48,-3782151.23378051,,,,,,,,,,,
600490.SH,600490,鹏欣资源,10007134,通用,2011-12-31 00:00:00,年报,2011年报,058001001,2012-04-28 00:00:00,2013-04-27 00:00:00,CNY,392268150.45,-51.6248583867,392268150.45,-51.6248583867,,,,,,,,,,,470335253.24,-43.1069648623,367552892.36,-52.9231030556,,,,,,,,,,,,,,,,,,,634718.64,284.883071324,546203.9,-72.8587913221,80453130.01,128.5466017791,,,20282409.64,70.1783023722,,,,,865898.69,125.8719113227,,,,,,,6837354.37,-77.6740843811,897644.37,-2.9969216877,,,,,,,,,,,,,,,,,-71229748.42,-580.8883942374,4382159.56,35.7008611126,,,976072.99,639.573449571,30585.62,-76.4595314183,,,,,-67823661.85,-478.703893611,,,,,,,,,-67823661.85,-495.0682837495,,,,,,,-51133081.01,-553.0930326981,-16690580.84,-383.745256587,-51133081.01,-33.8976759886,,,,,-0.39,-533.3333333333,-0.39,-533.3333333333,-18984793.34,,,,,,,,,,,,,,,,,,,,,,,,,,,,,,,,,,,,,,,,,,,,,,,,,,-86808455.19,-605.6534323184,-70117874.35,-721.3183267672,-16690580.84,-383.745256587,,,0,,,,0,,,,标准无保留意见
600490.SH,600490,鹏欣资源,10007134,通用,2011-09-30 00:00:00,三季报,2011三季报,058001001,2011-10-29 00:00:00,2012-10-31 00:00:00,CNY,296052247.15,-51.2217565148,296052247.15,-51.2217565148,,,,,,,,,,,360313866.01,-42.3869461077,282879512.22,-51.4875691977,,,,,,,,,,,,,,,,,,,171038.62,307.1978708598,175238.18,-89.050222124,60835338.04,140.8943715127,,,16106744.24,73.2832234518,,,,,145994.71,-97.6084186831,,,,,,,3070823.1,332.0931433168,,,,,,,,,,,,,,,,,,,-61190795.76,-244.5921528938,5355351.49,13386.6661764273,,,712759.17,529.6657677278,,,,,,,-56548203.44,-217.1352423496,,,,,,,,,-56548203.44,-217.1352423496,,,,,,,-2603075.95,88.9283553598,-53945127.49,-1049.6959972113,-10761792.39,54.0834245928,,,,,-0.02,88.7703537339,-0.02,88.7703537339,,,,,,,,,,,,,,,,,,,,,,,,,,,,,,,,,,,,,,,,,,,,,,,,,,,-56548203.44,-217.1352423496,-2603075.95,88.9283553598,-53945127.49,-1049.6959972113,,,0,,,,0,,,,
600490.SH,600490,鹏欣资源,10007134,通用,2011-06-30 00:00:00,中报,2011中报,058001001,2011-07-19 00:00:00,2012-08-31 00:00:00,CNY,149269524.03,-63.4356726868,149269524.03,-63.4356726868,,,,,,,,,,,161951498.08,-61.9248728259,147148409.86,-62.9205251902,,,,,,,,,,,,,,,,,,,105187.26,160.3425304943,133059.5,-87.0812000793,12235317.72,-26.0320069833,,,2303889.31,-64.7452211971,,,,,25634.43,-99.4113152993,,,,,,,2797863.41,447.8643282279,-202136.59,,,,,,,,,,,,,,,,,,-9884110.64,40.451491066,2495187.0,8591.460261407,,,189150.15,364.1530116059,10656.15,,,,,,-7578073.79,54.3777048748,,,,,,,,,-7578073.79,54.3777048748,,,,,,,-7557728.88,60.790245634,-20344.91,-100.7635078859,-12863035.73,33.2244116267,,,,,-0.06,60.0,-0.06,60.0,,,,,,,,,,,,,,,,,,,,,,,,,,,,,,,,,,,,,,,,,,,,,,,,,,,-7578073.79,,-7557728.88,,-20344.91,,,,0,,,,0,,,,
600490.SH,600490,鹏欣资源,10007134,通用,2011-03-31 00:00:00,一季报,2011一季报,058001001,2011-04-25 00:00:00,2012-04-28 00:00:00,CNY,95417088.17,-51.3513384652,95417088.17,-51.3513384652,,,,,,,,,,,99429710.44,-51.815968508,92835159.15,-52.2310680508,,,,,,,,,,,,,,,,,,,8331.2,-23.2298175566,87041.51,-83.4469075617,5261156.35,-38.3830732368,,,1209982.51,-58.7988074977,,,,,28039.72,,,,,,,,3268647.06,4066.9502852993,268647.06,,,,,,,,,,,,,,,,0.0,,-743975.21,92.6633678163,2495187.0,38765.8411214953,,,1047.18,,,,,,0.0,,1750164.61,117.2699952944,,,,,,,,,1750164.61,117.2699952944,,,,,,,1749937.26,118.7116300661,227.35,100.0290729666,-3744202.56,59.9916675187,,,,,0.01,114.1242937853,0.01,114.1242937853,,,,,,,,,,,,,,,,,,,,,,,,,,,,,,,,,,,,,,,,,,,,,,,,,,,1750164.61,,1749937.26,,227.35,,,,0,,,,0,,,,
600490.SH,600490,鹏欣资源,10007134,通用,2010-12-31 00:00:00,年报,2010年报,058001001,2011-04-25 00:00:00,2012-04-28 00:00:00,CNY,810887859.69,594.8233689118,810887859.69,594.8233689118,,,,,,,,,,,826700934.66,227.122053792,780750041.35,559.6337763484,,,,,,,,,,,,,,,,,,,164912.07,25486.8041333085,2012452.38,-27.9668308131,35202067.93,-34.5631440104,,,11918328.81,32.8974597925,,,,,-3346867.88,-104.8646119054,,,,,,,30625191.31,4967.9698314618,925377.2,53.1348387297,,,,,,,,,,,,,,,,,14812116.34,110.9386398376,3229279.11,981.4441265547,,,131977.83,-98.3467872073,129927.83,-27.551592124,,,,,17909417.62,112.5157137179,741838.08,-83.460254832,,,,,,,17167579.54,111.632677215,,,,,,,11285338.18,107.7806792657,5882241.36,331.8085008374,-38188176.63,71.7401744186,,,,,0.09,108.1818181818,0.09,108.1818181818,,,,,,,,,,,,,,,,,,,,,,,,,,,,,,,,,,,,,,,,,,,,,,,,,,,17167579.54,111.632677215,11285338.18,107.7806792657,5882241.36,331.8085008374,,,0,,,,0,,,,标准无保留意见
600490.SH,600490,鹏欣资源,10007134,通用,2010-09-30 00:00:00,三季报,2010三季报,058001001,2010-10-22 00:00:00,2011-10-29 00:00:00,CNY,606935030.86,847.1233962136,606935030.86,847.1233962136,,,,,,,,,,,625403171.1,472.2410672874,583107272.8,867.5701739304,,,,,,,,,,,,,,,,,,,42003.81,6417.068516105,1600381.14,-35.3829400521,25253947.47,-28.7973847919,,,9295039.6,38.9538548338,,,,,6104526.28,39.0343805592,,,,,,,710685.45,640.7289787591,,,,,,,,,,,,,,,,,,,-17757454.79,60.8346023184,39708.49,-48.8885442142,,,113196.43,-83.9488514304,,,,,,,-17830942.73,61.2094087162,,,,,,,,,-17830942.73,62.0065454829,,,,,,,-23511194.9,47.8543600518,5680252.17,408.0295325388,-23437706.96,47.2836377152,,,,,-0.1781,47.8629976581,-0.1781,47.8629976581,,,,,,,,,,,,,,,,,,,,,,,,,,,,,,,,,,,,,,,,,,,,,,,,,,,-17830942.73,,-23511194.9,,5680252.17,,,,0,,,,0,,,,
600490.SH,600490,鹏欣资源,10007134,通用,2010-06-30 00:00:00,中报,2010中报,058001001,2010-08-18 00:00:00,2011-07-19 00:00:00,CNY,408238124.42,1132.8190871919,408238124.42,1132.8190871919,,,,,,,,,,,425347228.23,568.8444880385,396845992.6,1158.7486706488,,,,,,,,,,,,,,,,,,,40403.41,6168.759697139,1029967.96,-49.5318114049,16541367.72,-24.0298309194,,,6534970.26,61.8769144664,,,,,4354526.28,3.3018801389,,,,,,,510685.45,128.8777508802,,,,,,,,,,,,,,,,,,,-16598418.36,45.1419208919,28708.49,-63.0473806153,,,40751.68,-13.81717093,,,,,,,-16610461.55,45.0468963273,,,,,,,,,-16610461.55,46.0280847304,,,,,,,-19275124.27,34.0460243427,2664662.72,271.8021389359,-19263081.08,34.1557349174,,,,,-0.15,31.8181818182,-0.15,31.8181818182,,,,,,,,,,,,,,,,,,,,,,,,,,,,,,,,,,,,,,,,,,,,,,,,,,,,,,,,,,,0,,,,0,,,,
600490.SH,600490,鹏欣资源,10007134,通用,2010-03-31 00:00:00,一季报,2010一季报,058001001,2010-04-28 00:00:00,2011-04-25 00:00:00,CNY,196135073.73,1330.2127488846,196135073.73,1330.2127488846,,,,,,,,,,,206354070.76,617.3189254207,194342128.58,1117.3594260642,,,,,,,,,,,,,,,,,,,10852.13,1583.7538012785,525832.32,24.3678649122,8538491.98,-16.3398066161,,,2936765.75,35.1127684201,,,,,,,,,,,,,78442.19,68.8205681588,,,,,,,,,,,,,,,,,,,-10140554.84,32.4289389703,6420.0,-75.8555848063,,,,,,,,,,,-10134134.84,32.367998687,,,,,,,,,-10134134.84,32.367998687,,,,,,,-9352136.9,32.6781795214,-781997.94,28.4240478845,-9358556.9,32.7095401466,,,,,-0.0708,35.6363636364,-0.0708,35.6363636364,,,,,,,,,,,,,,,,,,,,,,,,,,,,,,,,,,,,,,,,,,,,,,,,,,,,,,,,,,,0,,,,0,,,,
600490.SH,600490,鹏欣资源,10007134,通用,2009-12-31 00:00:00,年报,2009年报,058001001,2011-04-25 00:00:00,2011-04-25 00:00:00,CNY,116704172.02,-35.7840786331,116704172.02,-35.7840786331,,,,,,,,,,,252719413.16,0.734628821,118361137.55,-21.9938019311,,,,,,,,,,,,,,,,,,,644.52,-99.8074354614,2793785.7,-39.7449759156,53795475.65,12.885370852,,,8968063.67,-30.0090529541,,,,,68800306.07,104.1311511568,,,,,,,604289.14,-91.25466569,604289.14,-46.6159448662,,,,,,,,,,,,,,,,,-135410952.0,-117.5995465924,298608.04,-62.9112627786,,,7983112.07,936.5435982646,179338.42,-25.2379845077,,,,,-143095456.03,-130.0774358785,4485184.46,286.6204700763,,,,,,,-147580640.49,-146.8270873786,,,,,,,-145043097.07,-184.1427936461,-2537543.42,70.9837736938,-135132386.15,-142.9502649655,,,,,-1.1,-182.0512820513,-1.1,-182.0512820513,,,,,,,,,,,,,,,,,,,,,,,,,,,,,,,,,,,,,,,,,,,,,,,,,,,-147580640.49,-146.8270873786,-145043097.07,-184.1427936461,-2537543.42,70.9837736938,,,0,,,,0,,,,标准无保留意见
600490.SH,600490,鹏欣资源,10007134,通用,2009-09-30 00:00:00,三季报,2009三季报,058001001,2010-10-22 00:00:00,2010-10-22 00:00:00,CNY,64081938.35,-52.7887863392,64081938.35,-52.7887863392,,,,,,,,,,,109290158.79,-33.1567608649,60265114.46,-46.91923553,,,,,,,,,,,,,,,,,,,644.52,-99.7783678996,2476716.12,-30.7106549245,35467724.6,11.3267674013,,,6689299.56,-25.7013967763,,,,,4390659.53,-16.2055023394,,,,,,,-131430.99,-108.083473092,,,,,,,,,,,,,,,,,,,-45339651.43,-73.4380700687,77690.0,-92.1472523308,,,705223.24,81.7189494692,,,,,,,-45967184.67,-79.9780140709,964432.78,9.5502662331,,,,,,,-46931617.45,-77.6313206854,,,,,,,-45087556.55,-99.8186986007,-1844060.9,52.1838863401,-44460023.31,-93.8966022314,,,,,-0.3416,-99.8829724985,-0.3416,-99.8829724985,,,,,,,,,,,,,,,,,,,,,,,,,,,,,,,,,,,,,,,,,,,,,,,,,,,,,,,,,,,0,,,,0,,,,
600490.SH,600490,鹏欣资源,10007134,通用,2009-06-30 00:00:00,中报,2009中报,058001001,2010-08-18 00:00:00,2010-08-18 00:00:00,CNY,33114195.64,-65.9974623582,33114195.64,-65.9974623582,,,,,,,,,,,63594338.57,-45.2339966152,31527023.77,-60.164619649,,,,,,,,,,,,,,,,,,,644.52,-99.7783679072,2040826.09,-18.0120294918,21773503.89,-2.309484493,,,4036999.52,-30.9083445256,,,,,4215340.78,-30.5045383693,,,,,,,223125.86,-47.2623678636,,,,,,,,,,,,,,,,,,,-30257017.07,-65.2522896823,77690.0,-91.9688716816,,,47285.15,-87.1312997068,,,,,,,-30226612.22,-70.6785513737,549508.04,263.493941283,,,,,,,-30776120.26,-72.3105377806,,,,,,,-29225113.54,-94.2537716282,-1551006.72,44.9223187714,-29255518.39,-89.8520002461,,,,,-0.22,-100.0,-0.22,-100.0,,,,,,,,,,,,,,,,,,,,,,,,,,,,,,,,,,,,,,,,,,,,,,,,,,,,,,,,,,,0,,,,0,,,,
600490.SH,600490,鹏欣资源,10007134,通用,2009-03-31 00:00:00,一季报,2009一季报,058001001,2010-04-28 00:00:00,2010-04-28 00:00:00,CNY,13713699.16,-70.8994783199,13713699.16,-70.8994783199,,,,,,,,,,,28767409.23,-49.0309831181,15964235.74,-58.4030246785,,,,,,,,,,,,,,,,,,,644.52,-99.5207685192,422804.01,-75.8410040703,10206158.55,11.7178901673,,,2173566.41,1.4505846827,,,,,,,,,,,,,46464.83,-58.0686152115,,,,,,,,,,,,,,,,,,,-15007245.24,-63.0355273356,26590.0,-85.8904560264,,,3575.07,-97.2141173456,,,,,,,-14984230.31,-63.8557960941,,,,,,,,,-14984230.31,-57.5846541526,,,,,,,-13891687.47,-99.4619401731,-1092542.84,57.0559177516,-13907702.4,-95.2662842772,,,,,-0.11,-111.5384615385,-0.11,-111.5384615385,,,,,,,,,,,,,,,,,,,,,,,,,,,,,,,,,,,,,,,,,,,,,,,,,,,,,,,,,,,0,,,,0,,,,
600490.SH,600490,鹏欣资源,10007134,通用,2008-12-31 00:00:00,年报,2008年报,058001001,2010-04-28 00:00:00,2010-04-28 00:00:00,CNY,181737129.26,-10.702368716,181737129.26,-10.702368716,,,,,,,,,,,250876402.8,25.5396446954,151732991.07,1.299913442,,,,,,,,,,,,,,,,,,,334703.37,-51.3539730229,4636602.08,-46.6983516617,47654957.63,48.8862970934,,,12813176.63,41.1875893895,,,,,33703972.02,8177.5590154324,,,,,,,6909846.08,451.9326323659,1131965.6,-9.5828262855,,,,,,,,,,,,,,,,,-62229427.46,-1361.7562162534,805117.84,-41.2430132569,,,770166.55,-34.6499269311,239879.06,1665.9149401053,,,,,-62194476.17,-1313.8598067962,-2403372.18,-203.6054041849,,,,,,,-59791103.99,-2232.3816499661,,,,,,,-51045847.48,-993.7027557603,-8745256.51,-200.7551087569,-55621419.54,-1593.875811778,,,,,-0.39,-1075.0,-0.39,-1075.0,,,,,,,,,,,,,,,,,,,,,,,,,,,,,,,,,,,,,,,,,,,,,,,,,,,-59791103.99,,-51045847.48,,-8745256.51,,,,0,,,,0,,,,带解释性说明的无保留意见
600490.SH,600490,鹏欣资源,10007134,通用,2008-09-30 00:00:00,三季报,2008三季报,058001001,2009-10-30 00:00:00,2009-10-30 00:00:00,CNY,135734571.05,-19.8977631256,135734571.05,-19.8977631256,,,,,,,,,,,163502188.41,-2.3832296539,113534752.3,-16.3758227863,,,,,,,,,,,,,,,,,,,290806.25,-2.8853550189,3574454.51,-30.9508101529,31859116.57,40.2389149729,,,9003264.22,81.519686199,,,,,5239794.56,467.0074616313,,,,,,,1625922.28,64.3785510838,,,,,,,,,,,,,,,,,,,-26141695.08,-987.1093877374,989335.24,-68.8177149842,,,388084.59,-61.4605058175,,,,,,,-25540444.43,-599.5579562112,880356.4,-71.2933223122,,,,,,,-26420800.83,-1391.415916034,,,,,,,-22564232.91,-742.9984555629,-3856567.92,-163.5452452406,-22929758.85,-27114.2927336837,,,,,-0.1709,-624.2331288344,-0.1709,-624.2331288344,,,,,,,,,,,,,,,,,,,,,,,,,,,,,,,,,,,,,,,,,,,,,,,,,,,,,,,,,,,0,,,,0,,,,
600490.SH,600490,鹏欣资源,10007134,通用,2008-06-30 00:00:00,中报,2008中报,058001001,2009-08-29 00:00:00,2009-08-29 00:00:00,CNY,97387424.4,-5.1820177036,97387424.4,-5.1820177036,,,,,,,,,,,116120101.23,18.4560803539,79143272.87,3.9999546093,,,,,,,,,,,,,,,,,,,290806.26,65.8233559678,2489177.47,-46.3367902912,22288247.51,63.097645744,,,5842962.5,71.833423757,,,,,6065634.62,12327.9365124896,,,,,,,423086.61,-21.3484412063,,,,,,,,,,,,,,,,,,,-18309590.22,-450.7708984678,967360.96,209.1597826782,,,367443.09,5165.027210436,,,,,,,-17709672.35,-420.4943877191,151173.92,-93.3256423993,,,,,,,-17860846.27,-647.7544250503,,,,,,,-15044811.38,-576.1190073065,-2816034.89,-2892.1588603691,-15409644.54,-630.8599847987,,,,,-0.11,-432.3262839879,-0.11,-432.3262839879,,,,,,,,,,,,,,,,,,,,,,,,,,,,,,,,,,,,,,,,,,,,,,,,,,,,,,,,,,,0,,,,0,,,,
600490.SH,600490,鹏欣资源,10007134,通用,2008-03-31 00:00:00,一季报,2008一季报,058001001,2009-04-25 00:00:00,2009-04-25 00:00:00,CNY,47125269.13,2.6331661706,47125269.13,2.6331661706,,,,,,,,,,,56440973.34,26.4958687089,38378357.12,14.1725479492,,,,,,,,,,,,,,,,,,,134490.33,-5.3118919636,1750089.33,16.7664064423,9135652.79,13.9002540136,,,2142487.81,59.5417397522,,,,,4899895.96,,,,,,,,110811.58,-55.6742314873,,,,,,,,,,,,,,,,,,,-9204892.63,-694.8676514546,188454.0,34164.3636363636,,,128328.09,1738.7905613173,,,,,,,-9144766.72,-693.4476092741,363919.51,-17.0040052144,,,,,,,-9508686.23,-962.4833712045,,,,,,,-6964580.54,-759.5797185233,-2544105.69,-5563.4686301695,-7122428.97,-736.395516525,,,,,-0.052,-516.0,-0.052,-516.0,,,,,,,,,,,,,,,,,,,,,,,,,,,,,,,,,,,,,,,,,,,,,,,,,,,,,,,,,,,0.0,,,,0.0,,,,
600490.SH,600490,鹏欣资源,10007134,通用,2007-12-31 00:00:00,年报,2007年报,058001001,2009-04-25 00:00:00,2009-04-25 00:00:00,CNY,203518421.09,1.4802663129,203518421.09,1.4802663129,,,,,,,,,,,199838388.43,0.3596588327,149785903.97,-3.7506498458,,,,,,,,,,,,,,,,,,,688038.45,20.3489038096,8698796.8,41.5720071423,32007618.27,4.3149959687,,,9075285.36,305.7360393033,,,,,-417254.42,-110.80143019,,,,,,,1251936.5,90.2555871531,1251936.5,,,,,,,,,,,,,,,,,,4931969.16,136.4827079737,1370250.39,-1.5168952471,,,1178524.39,146.2916558657,13583.84,,,,,,5123695.16,70.8809825956,2319736.31,1205.7897700682,,,,,,,2803958.85,-0.5952658382,,,,,,,5711725.42,99.7576031995,-2907766.57,-7437.2995897182,3723296.08,278.9355806087,,,,,0.04,33.3333333333,0.04,33.3333333333,,,,,,,,,,,,,,,,,,,,,,,,,,,,,,,,,,,,,,,,,,,,,,,,,,,,,,,,,,,,,,,,,,,标准无保留意见
600490.SH,600490,鹏欣资源,10007134,通用,2007-09-30 00:00:00,三季报,2007三季报,058001001,2008-10-21 00:00:00,2008-10-21 00:00:00,CNY,169451661.21,8.6361320421,169451661.21,8.6361320421,,,,,,,,,,,167493953.99,8.027269362,135767855.76,6.8092398395,,,,,,,,,,,,,,,,,,,299446.34,-27.9231786726,5176678.42,26.9145072053,22717743.2,10.1403670972,,,4959938.18,279.0216990258,,,,,-1427707.91,-194.7844433652,,,,,,,989132.87,2.9845076301,,,,,,,,,,,,,,,,,,,2946840.09,55.6240815727,3172747.73,637.0940735062,,,1006978.94,600.8394450433,,,,,,,5112608.88,134.488792594,3066730.36,2381.9689848162,,,,,,,2045878.52,-11.6140790405,,,,,,,3509220.39,67.2689507132,-1463341.87,-775.0977129038,-84256.3100000001,-104.651979354,,,,,0.0326,59.0243902439,0.0326,59.0243902439,,,,,,,,,,,,,,,,,,,,,,,,,,,,,,,,,,,,,,,,,,,,,,,,,,,,,,,,,,,,,,,,,,,
600490.SH,600490,鹏欣资源,10007134,通用,2007-06-30 00:00:00,中报,2007中报,058001001,2008-08-19 00:00:00,2008-08-19 00:00:00,CNY,102709867.94,-2.5371467591,102709867.94,-2.5371467591,,,,,,,,,,,98027978.71,-5.9928419454,76099334.05,-12.3885340015,,,,,,,,,,,,,,,,,,,175371.11,-49.3948324536,4638517.68,38.031152511,13665585.06,13.5349276277,,,3400364.36,523.5848062677,,,,,48806.45,-95.6744921867,,,,,,,537925.27,-0.7480888216,,,,,,,,,,,,,,,,,,,5219814.5,216.6515183164,312900.0,,,,6978.94,-90.011284097,,,,,,,5525735.56,250.0462281414,2264995.81,2710.0820685071,,,,,,,3260739.75,95.7988534567,,,,,,,3159884.64,110.6810595887,100855.11,-39.0636849806,2902770.03,117.6716312753,,,,,0.0331,72.3958333333,0.0331,72.3958333333,,,,,,,,,,,,,,,,,,,,,,,,,,,,,,,,,,,,,,,,,,,,,,,,,,,,,,,,,,,,,,,,,,,
600490.SH,600490,鹏欣资源,10007134,通用,2007-03-31 00:00:00,一季报,2007一季报,058001001,2008-04-29 00:00:00,2008-04-29 00:00:00,CNY,45916218.79,0.5849623407,45916218.79,0.5849623407,,,,,,,,,,,44618827.41,-0.8973548348,33614347.59,-11.4301923291,,,,,,,,,,,,,,,,,,,142035.08,137.8743439346,1498795.23,-9.7679019324,8020748.39,59.6218127588,,,1342901.12,313.371569479,,,,,,,,,,,,,249993.59,3618.0238612568,249993.59,,,,,,,,,,,,,,,,,,1547384.97,149.88449472,550.0,,,,6978.94,-45.7661653808,,,,,,,1540956.03,154.127237272,438478.4,630.6598475054,,,,,,,1102477.63,101.7857273592,,,,,,,1055911.87,88.8049473171,46565.76,460.9709662066,1119182.77,95.6172274732,,,,,0.0125,73.6111111111,0.0125,73.6111111111,,,,,,,,,,,,,,,,,,,,,,,,,,,,,,,,,,,,,,,,,,,,,,,,,,,,,,,,,,,,,,,,,,,
600490.SH,600490,鹏欣资源,10007134,通用,2006-12-31 00:00:00,年报,2006年报,058001001,2008-04-29 00:00:00,2008-04-29 00:00:00,CNY,200549750.69,111.6666099048,200549750.69,111.6666099048,,,,,,,,,,,199122227.75,61.2758018999,155622769.12,94.58216092,,,,,,,,,,,,,,,,,,,571703.13,415.5723087331,6144432.77,102.0345773673,30683621.25,-15.4890635151,,,2236746.18,-44.4911531615,,,,,3862955.3,,,,,,,,658028.77,-74.6429400369,,,,,,,,,,,,,,,,,,,2085551.71,108.1404120778,1391355.8,61.2678919568,,,478507.64,84.0247669922,,,,,,,2998399.87,112.1203324247,177650.06,-76.3508543203,,,,,,,2820749.81,111.0661971618,,,,,,,2859328.17,111.5155941506,-38578.36,94.1524121105,982567.03,103.3285455221,,,,,0.03,109.1827364555,0.03,,,,,,,,,,,,,,,,,,,,,,,,,,,,,,,,,,,,,,,,,,,,,,,,,,,,,,,,,,,,,,,,,,,,标准无保留意见
600490.SH,600490,鹏欣资源,10007134,通用,2006-09-30 00:00:00,三季报,2006三季报,058001001,2007-10-30 00:00:00,2007-10-30 00:00:00,CNY,155980941.17,87.709004475,155980941.17,87.709004475,,,,,,,,,,,155047845.77,59.8191977352,127112463.27,83.1417811426,,,,,,,,,,,,,,,,,,,415454.42,274.6643725613,4078870.52,57.9662830152,20626173.49,-7.6025300177,,,1308615.89,-49.5060851413,,,,,1506268.18,,,,,,,,960467.64,-61.4646053715,,,,,,,,,,,,,,,,,,,1893563.04,117.0810814006,430440.0,41.6501212388,,,143681.83,60.1826804014,,,,,,,2180321.21,120.5823571925,-134389.66,-150.2032997836,,,,,,,2314710.87,121.3124343726,,,,,,,2097950.86,119.7532934007,216760.01,190.285834459,1811192.69,113.345081665,,,,,0.0205,,0.0205,,,,,,,,,,,,,,,,,,,,,,,,,,,,,,,,,,,,,,,,,,,,,,,,,,,,,,,,,,,,,,,,,,,,
600490.SH,600490,鹏欣资源,10007134,通用,2006-06-30 00:00:00,中报,2006中报,058001001,2007-08-18 00:00:00,2007-08-18 00:00:00,CNY,105383604.65,48.0636594876,105383604.65,48.0636594876,,,,,,,,,,,104277143.08,42.0357319649,86860016.76,54.7584958976,,,,,,,,,,,,,,,,,,,346547.83,261.9174129683,3360486.09,62.1047950261,12036459.04,-17.6753398458,,,545293.01,8.959218118,,,,,1128340.35,,,,,,,,541979.76,-78.2549634548,,,,,,,,,,,,,,,,,,,1648441.33,284.9152699769,,,,,69868.24,60.7079331731,,,,,,,1578573.09,85.8211512618,-86778.72,-124.5835807757,,,,,,,1665351.81,235.4065153362,,,,,,,1499842.77,207.8565278419,165509.04,1674.2204308279,1333554.59,155.7341317996,,,,,0.0192,200.0,0.0192,,,,,,,,,,,,,,,,,,,,,,,,,,,,,,,,,,,,,,,,,,,,,,,,,,,,,,,,,,,,,,,,,,,,
600490.SH,600490,鹏欣资源,10007134,通用,2006-03-31 00:00:00,一季报,2006一季报,058001001,2007-04-21 00:00:00,2007-04-21 00:00:00,CNY,45649188.23,59.8592379046,45649188.23,59.8592379046,,,,,,,,,,,45022842.06,44.1174251581,37952377.31,62.6791754456,,,,,,,,,,,,,,,,,,,59710.13,0.8550789484,1661044.42,496.1507992209,5024844.82,-28.691621334,,,324865.38,-38.2772161696,,,,,,,,,,,,,-7106.08,98.9036378064,,,,,,,,,,,,,,,,,,,619240.09,119.4831953249,,,,,12868.24,-18.975131345,,,,,,,606371.85,120.8372016876,60011.29,-70.8189289031,,,,,,,546360.56,117.5357469169,,,,,,,559260.7,117.8303119904,-12900.14,-161.7919272837,572128.94,,,,,,0.0072,,0.0072,,,,,,,,,,,,,,,,,,,,,,,,,,,,,,,,,,,,,,,,,,,,,,,,,,,,,,,,,,,,,,,,,,,,
600490.SH,600490,鹏欣资源,10007134,通用,2005-12-31 00:00:00,年报,2005年报,058001001,2007-04-21 00:00:00,2007-04-21 00:00:00,CNY,94747939.12,-63.3969388767,94747939.12,-63.3969388767,,,,,,,,,,,123466896.71,-46.045904647,79977922.12,-55.6096549224,,,,,,,,,,,,,,,,,,,110887.09,-83.0077258569,3041277.81,133.7585854718,36307278.71,-17.4575056293,,,4029530.98,47.7357836639,,,,,,,,,,,,,2595051.52,154.6107001901,,,,,,,,,,,,,,,,,504174.66,8.2976214611,-25619731.41,-199.5745216924,862760.58,9639.1440495152,,,260023.5,139.7361407463,,,,,278400.0,,-24738594.33,-196.5235291104,751190.18,-86.5165049982,,,0.0,,,,-25489784.51,-227.077748018,,,,,,,-24830053.34,-224.4731243431,-659731.17,-698.1634068588,-29519410.91,-248.4596374822,,,,,-0.3267,-224.4571428571,,,,,,,,,,,,,,,,,,,,,,,,,,,,,,,,,,,,,,,,,,,,,,,,,,,,,,,,,,,,,,,,,,,,,标准无保留意见
600490.SH,600490,鹏欣资源,10007134,通用,2005-09-30 00:00:00,三季报,2005三季报,058001001,2006-10-28 00:00:00,2006-10-28 00:00:00,CNY,83097207.62,-56.3913317415,83097207.62,-56.3913317415,,,,,,,,,,,97014531.4,-39.6461669606,69406588.97,-43.9937957069,,,,,,,,,,,,,,,,,,,110887.09,-39.6718703424,2582114.64,95.3914515117,22323309.82,-32.3977489094,,,2591630.88,13.1974122443,,,,,,,,,,,,,2492429.75,150.9708652936,,,,,,,,,,,,,,,,,339161.25,22.1259142486,-11085732.78,-143.9964228784,303875.49,15093.7745,,,89698.73,-56.1267661917,,,,,278400,,-10593156.02,-142.3820398265,267690.89,-97.0423784863,,,0,,,,-10860846.91,-168.1205800612,,,,,,,-10620764.94,-167.2710145627,-240081.97,-254.3573379056,-13571986.56,-187.0804312598,,,,,,,,,,,,,,,,,,,,,,,,,,,,,,,,,,,,,,,,,,,,,,,,,,,,,,,,,,,,,,,,,,,,,,,,,,,
600490.SH,600490,鹏欣资源,10007134,通用,2005-06-30 00:00:00,中报,2005中报,058001001,2006-08-19 00:00:00,2006-08-19 00:00:00,CNY,71174523.86,-38.1971760455,71174523.86,-38.1971760455,,,,,,,,,,,73416133.84,-26.7411473124,56126170.17,-30.9401989769,,,,,,,,,,,,,,,,,,,95753.29,71.513154383,2073033.12,70.8180350772,14620721.2,-9.3580474839,,,500456.06,-67.5711070117,,,,,,,,,,,,,2492429.75,666.1161175155,,,,,,,,,,,,,,,,,177441.06,-27.0650359048,428260.83,-97.0969689707,186326.52,9216.326,,,43475.29,-78.206758261,,,,,278400,,849512.06,-94.1633170611,352994.63,-92.7180427595,,,0,,,,496517.43,-94.8850509064,,,,,,,487188.88,-94.9457017532,9328.55,-86.2980448986,-2392707.21,-124.3245594091,,,,,0.0064,-95.0769230769,,,,,,,,,,,,,,,,,,,,,,,,,,,,,,,,,,,,,,,,,,,,,,,,,,,,,,,,,,,,,,,,,,,,,
600490.SH,600490,鹏欣资源,10007134,通用,2005-03-31 00:00:00,一季报,2005一季报,058001001,2006-04-26 00:00:00,2006-04-26 00:00:00,CNY,28555865.04,-42.4032221921,28555865.04,-42.4032221921,,,,,,,,,,,31240387.49,-34.4429826441,23329585.49,-38.6042305041,,,,,,,,,,,,,,,,,,,59203.89,553.101254931,278628.23,-61.9311455296,7046640.12,-9.742214365,,,526329.76,-52.4488629899,,,,,,,,,,,,,-648150.77,-184.8504147059,,,,,,,,,,,,,,,,,154344.0,113.6506994339,-3178329.22,-279.5805385687,5766.52,284.4346666667,,,15881.84,-88.4289888152,,,,,278400,,-2910044.54,-278.0815939261,205651.43,-24.2433570101,,,0,,,,-3115695.97,-328.650736037,,,,,,,-3136572.71,-330.3515684191,20876.74,1991.2709860961,,,,,,,,,,,,,,,,,,,,,,,,,,,,,,,,,,,,,,,,,,,,,,,,,,,,,,,,,,,,,,,,,,,,,,,,,,,,,
600490.SH,600490,鹏欣资源,10007134,通用,2004-12-31 00:00:00,年报,2004年报,058001001,2006-04-08 00:00:00,2006-04-08 00:00:00,CNY,258852500.89,87.6884422761,258852500.89,87.6884422761,,,,,,,,,,,228836932.4,84.6817087032,180169633.69,96.5949761967,,,,,,,,,,,,,,,,,,,652573.57,38.1743218645,1301033.63,-62.4007661283,43986166.14,78.7458366831,,,2727525.37,-26.7379256978,,,,,,,,,,,,,-4751910.36,-15156.9419592762,,,,,,,,,,,,,,,,,465545.46,44.9992613702,25729203.59,79.9602899489,8858.69,-99.2951724313,,,108462.37,-74.740864892,,,,,0,-100.0,25629599.91,68.155389382,5571182.99,179.4146178677,,,0,,,,20058416.92,51.4101041773,,,,,,,19948124.12,50.4416808817,110292.8,1021.7413105794,19883795.63,59.5611601059,,,,,0.2625,19.3181818182,,,,,,,,,,,,,,,,,,,,,,,,,,,,,,,,,,,,,,,,,,,,,,,,,,,,,,,,,,,,,,,,,,,,,标准无保留意见
600490.SH,600490,鹏欣资源,10007134,通用,2004-09-30 00:00:00,三季报,2004三季报,058001001,2005-10-22 00:00:00,2005-10-22 00:00:00,CNY,190552041.46,131.030756722,190552041.46,131.030756722,,,,,,,,,,,160742949.56,109.7438707801,123926607.5,133.3007701956,,,,,,,,,,,,,,,,,,,183806.61,-58.3880071033,1321508.5,-37.5543920665,33021548.04,87.5994869228,,,2289478.91,-31.8362846757,,,,,,,,,,,,,-4889910.61,-621.234997835,,,,,,,,,,,,,,,,,277714.4,198.0076480014,25196895.69,379.3433227257,2000.0,-93.033029016,,,204449.78,-19.3099682587,,,,,0,-100.0,24994445.91,385.4351110688,9050883.92,858.9327842854,,,0,,,,15943561.99,279.1549788351,,,,,,,15788025.51,267.431386698,155536.48,269.3586709976,15585575.73,244.696679421,,,,,,,,,,,,,,,,,,,,,,,,,,,,,,,,,,,,,,,,,,,,,,,,,,,,,,,,,,,,,,,,,,,,,,,,,,,
600490.SH,600490,鹏欣资源,10007134,通用,2004-06-30 00:00:00,中报,2004中报,058001001,2005-08-20 00:00:00,2005-08-20 00:00:00,CNY,115163870.04,96.3405315056,115163870.04,96.3405315056,,,,,,,,,,,100214692.35,90.0083557557,81271838.81,109.3865595965,,,,,,,,,,,,,,,,,,,55828.54,-84.4254173347,1213591.48,20.6975204024,16130192.25,51.0958049086,,,1543241.27,-18.2857798889,,,,,,,,,,,,,-440268.29,67.2625743504,,,,,,,,,,,,,,,,,243286.69,345.8198388574,14752196.09,230.0934584596,2000.0,-85.4087874119,,,199489.78,-6.4020478686,,,,,0,-100.0,14554706.31,231.7940493835,4847524.07,354.1396863595,,,0,,,,9707182.24,192.4501284732,,,,,,,9639100.35,184.5229108752,68081.89,199.3157643061,9836590.13,174.2105731411,,,,,0.13,96.9696969697,,,,,,,,,,,,,,,,,,,,,,,,,,,,,,,,,,,,,,,,,,,,,,,,,,,,,,,,,,,,,,,,,,,,,未经审计
600490.SH,600490,鹏欣资源,10007134,通用,2004-03-31 00:00:00,一季报,2004一季报,058001001,2005-04-19 00:00:00,2005-04-19 00:00:00,CNY,49578928.07,181.016305266,49578928.07,181.016305266,,,,,,,,,,,47653765.76,108.2722080564,37998685.71,142.2987411761,,,,,,,,,,,,,,,,,,,9065.04,-91.2729112746,731906.0,13.1100505562,7807237.98,50.2453989509,,,1106871.03,-11.4979869083,,,,,,,,,,,,,-227540.75,61.1633012259,,,,,,,,,,,,,,,,,72241.28,136.5361824442,1769862.84,129.3928100322,1500.0,-85.005997601,,,137255.42,1077.241581018,,,,,0,-100.0,1634107.42,127.6682738134,271463.23,,,,0,,,,1362644.19,123.0719303381,,,,,,,1361645.91,123.2247779408,998.28,102.3125709735,1452378.65,,,,,,,,,,,,,,,,,,,,,,,,,,,,,,,,,,,,,,,,,,,,,,,,,,,,,,,,,,,,,,,,,,,,,,,,,,,,
600490.SH,600490,鹏欣资源,10007134,通用,2003-12-31 00:00:00,年报,2003年报,058001001,2005-04-19 00:00:00,2005-04-19 00:00:00,CNY,137916057.99,44.0938705701,137916057.99,44.0938705701,,,,,,,,,,,123908823.46,60.4105470919,91645085.33,93.1388390667,,,,,,,,,,,,,,,,,,,472282.81,-54.8361646867,3460266.33,212.8421887695,24608218.55,5.9261899021,,,3722970.44,-15.6015561583,,,,,,,,,,,,,-31145.89,-110.0757713883,,,,,,,,,,,,,,,,,321067.47,17.8074476821,14297156.11,-24.947298455,1256859.18,38812.0489164087,,,429398.59,122.3375342355,,,,,117000,-40.6091370558,15241616.7,-20.0191805776,1993876.71,-32.4618719713,,,0,,,,13247739.99,-17.7382084461,,,,,,,13259705.69,-17.5891273994,-11965.7,-181.8828743074,12461551.18,-21.5897250213,,,,,0.22,-37.1428571429,,,,,,,,,,,,,,,,,,,,,,,,,,,,,,,,,,,,,,,,,,,,,,,,,,,,,,,,,,,,,,,,,,,,,带解释性说明的无保留意见
600490.SH,600490,鹏欣资源,10007134,通用,2003-09-30 00:00:00,三季报,2003三季报,058001001,2004-10-27 00:00:00,2004-10-27 00:00:00,CNY,82479079.48,14.7339330093,82479079.48,14.7339330093,,,,,,,,,,,76637733.9,35.3465521825,53118816.28,78.01981086,,,,,,,,,,,,,,,,,,,441715.47,-53.2361281611,2116255.32,184.0228747187,17602152.64,-16.8156666848,,,3358794.19,-14.633160458,,,,,,,,,,,,,-677991.31,11.5664919787,,,,,,,,,,,,,,,,,93190.36,123.382514531,5256544.63,-63.8451428499,28706.88,863.3181208054,,,253376.75,128.1776952316,,,,,117000,46.25,5148874.76,-64.5172131844,943849.67,-66.3128470401,,,0,,,,4205025.09,-64.0875453888,,,,,,,4296863.6,-63.4667332438,-91838.51,-75.2316934861,4521533.47,,,,,,,,,,,,,,,,,,,,,,,,,,,,,,,,,,,,,,,,,,,,,,,,,,,,,,,,,,,,,,,,,,,,,,,,,,,,
600490.SH,600490,鹏欣资源,10007134,通用,2003-06-30 00:00:00,中报,2003中报,058001001,2004-08-09 00:00:00,2004-08-09 00:00:00,CNY,58655168.73,13.4961776282,58655168.73,13.4961776282,,,,,,,,,,,52742255.44,53.0608743516,38814257.69,88.5663145757,,,,,,,,,,,,,,,,,,,358459.3,-31.2849435847,1005481.7,134.4649783746,10675473.26,4.6729006069,,,1888583.49,-30.6963456186,,,,,,,,,,,,,-1344847.01,-877.1066478607,,,,,,,,,,,,,,,,,-98969.51,-518.9868401835,4469096.77,-74.3430067915,13706.88,411.4507462687,,,213134.77,125.2261483894,,,,,117000,46.25,4386668.88,-74.798932407,1067408.16,-56.5138173661,,,0,,,,3319260.72,-77.8006864783,,,,,,,3387811.66,-77.3519383251,-68550.94,-967.9779272009,3587239.55,-76.1652456965,,,,,0.066,,,,,,,,,,,,,,,,,,,,,,,,,,,,,,,,,,,,,,,,,,,,,,,,,,,,,,,,,,,,,,,,,,,,,,未经审计
600490.SH,600490,鹏欣资源,10007134,通用,2003-03-31 00:00:00,一季报,2003一季报,058001001,2004-04-29 00:00:00,2004-04-29 00:00:00,CNY,17642722.91,,17642722.91,,,,,,,,,,,,22880520.74,,15682576.61,,,,,,,,,,,,,,,,,,,,103872.44,,647074.24,,5196324.17,,,,1250673.28,,,,,,,,,,,,,,-585891.07,,,,,,,,,,,,,,,,,,-197725.31,,-6021414.21,,10004,,,,11659.07,,,,,,117000,,-5906069.28,,,,,,0,,,,-5906069.28,,,,,,,,-5862901.74,,-43167.54,,,,,,,,,,,,,,,,,,,,,,,,,,,,,,,,,,,,,,,,,,,,,,,,,,,,,,,,,,,,,,,,,,,,,,,,,,,,,,
600490.SH,600490,鹏欣资源,10007134,通用,2002-12-31 00:00:00,年报,2002年报,058001001,2004-04-16 00:00:00,2004-04-16 00:00:00,CNY,95712647.21,1.1419129972,95712647.21,1.1419129972,,,,,,,,,,,77244810.71,1.7845878798,47450365.64,-13.9105575087,,,,,,,,,,,,,,,,,,,1045710.15,93.4348708873,1106074.07,40.5703048468,23231477.1,51.0802711769,,,4411183.75,8.4201771411,,,,,,,,,,,,,309116.68,-67.4775951818,,,,,,,,,,,,,,,,,272535.8,1507.9529229629,19049488.98,-3.3461230798,3230,18799.9414862493,,,193129.15,-85.4097466283,,,,,197000,,19056589.83,3.6511941572,2952223.83,-5.3430517487,,,0,,,,16104366.0,5.4886789845,,,,,,,16089752.81,5.2642713937,14613.19,178.2987745514,15892752.81,,,,,,0.35,6.0606060606,,,,,,,,,,,,,,,,,,,,,,,,,,,,,,,,,,,,,,,,,,,,,,,,,,,,,,,,,,,,,,,,,,,,,标准无保留意见
600490.SH,600490,鹏欣资源,10007134,通用,2002-09-30 00:00:00,三季报,2002三季报,058001001,2003-10-25 00:00:00,2003-10-25 00:00:00,CNY,71887258.91,,71887258.91,,,,,,,,,,,,56623336.66,,29838710.66,,,,,,,,,,,,,,,,,,,,944565.65,,745100.31,,21160418.0,,,,3934542.04,,,,,,,,,,,,,,-766667.89,,,,,,,,,,,,,,,,,,41717.84,,14538972.2,,2980,,,,111043.61,,,,,,80000,,14510908.59,,2801808.96,,,,0,,,,11709099.63,,,,,,,,11761509.39,,-52409.76,,,,,,,,,,,,,,,,,,,,,,,,,,,,,,,,,,,,,,,,,,,,,,,,,,,,,,,,,,,,,,,,,,,,,,,,,,,,,,
600490.SH,600490,鹏欣资源,10007134,通用,2002-06-30 00:00:00,中报,2002中报,058001001,2003-08-28 00:00:00,2003-08-28 00:00:00,CNY,51680303.21,,51680303.21,,,,,,,,,,,,34458352.38,,20583876.7,,,,,,,,,,,,,,,,,,,,521660.49,,428840.89,,10198889.3,,,,2725085.0,,,,,,,,,,,,,,173058.23,,,,,,,,,,,,,,,,,,23621.15,,17418630.21,,2680,,,,94631.45,,,,,,80000,,17406678.76,,2454591.54,,,,0,,,,14952087.22,,,,,,,,14958505.98,,-6418.76,,15050457.43,,,,,,,,,,,,,,,,,,,,,,,,,,,,,,,,,,,,,,,,,,,,,,,,,,,,,,,,,,,,,,,,,,,,,,,,,,,,
600490.SH,600490,鹏欣资源,10007134,通用,2001-12-31 00:00:00,年报,2001年报,058001001,2003-06-06 00:00:00,2003-06-06 00:00:00,CNY,94632031.74,18.5961450868,94632031.74,18.5961450868,,,,,,,,,,,75890478.43,15.4248462935,55117519.95,15.2757522407,,,,,,,,,,,,,,,,,,,540600.64,-39.3074110346,786847.6,-21.2195595795,15376909.85,17.9928131405,,,4068600.39,35.0072219698,,,,,,,,,,,,,950473.01,306.0268208801,,,,,,,,,,,,,,,,,16949.24,-97.7760349157,19708975.56,37.3881087694,17.09,-99.9751530689,,,1323686.06,8724.5737333333,,,,,0,,18385306.59,27.6823439569,3118866.48,20.688327185,,,0,,,,15266440.11,29.2121050387,,,,,,,15285103.48,29.370068081,-18663.37,,,,,,,,0.33,-5.7142857143,,,,,,,,,,,,,,,,,,,,,,,,,,,,,,,,,,,,,,,,,,,,,,,,,,,,,,,,,,,,,,,,,,,,,标准无保留意见
600490.SH,600490,鹏欣资源,10007134,通用,2000-12-31 00:00:00,年报,2000年报,058001001,2003-06-06 00:00:00,2003-06-06 00:00:00,CNY,79793514.09,,79793514.09,,,,,,,,,,,,65748823.47,,47813628.52,,,,,,,,,,,,,,,,,,,,890719.36,,998785.48,,13032073.26,,,,3013616.85,,,,,,,,,,,,,,-461334.6,,,,,,,,,,,,,,,,,,762118.08,,14345474.1,,68781.13,,,,15000.0,,,,,,0,,14399255.23,,2584232.09,,,,0,,,,11815023.14,,,,,,,,11815023.14,,,,,,,,,,0.35,,,,,,,,,,,,,,,,,,,,,,,,,,,,,,,,,,,,,,,,,,,,,,,,,,,,,,,,,,,,,,,,,,,,,,标准无保留意见
