SECUCODE,SECURITY_CODE,SECURITY_NAME_ABBR,ORG_CODE,ORG_TYPE,REPORT_DATE,REPORT_TYPE,REPORT_DATE_NAME,SECURITY_TYPE_CODE,NOTICE_DATE,UPDATE_DATE,CURRENCY,TOTAL_OPERATE_INCOME,TOTAL_OPERATE_INCOME_YOY,OPERATE_INCOME,OPERATE_INCOME_YOY,INTEREST_INCOME,INTEREST_INCOME_YOY,EARNED_PREMIUM,EARNED_PREMIUM_YOY,FEE_COMMISSION_INCOME,FEE_COMMISSION_INCOME_YOY,OTHER_BUSINESS_INCOME,OTHER_BUSINESS_INCOME_YOY,TOI_OTHER,TOI_OTHER_YOY,TOTAL_OPERATE_COST,TOTAL_OPERATE_COST_YOY,OPERATE_COST,OPERATE_COST_YOY,INTEREST_EXPENSE,INTEREST_EXPENSE_YOY,FEE_COMMISSION_EXPENSE,FEE_COMMISSION_EXPENSE_YOY,RESEARCH_EXPENSE,RESEARCH_EXPENSE_YOY,SURRENDER_VALUE,SURRENDER_VALUE_YOY,NET_COMPENSATE_EXPENSE,NET_COMPENSATE_EXPENSE_YOY,NET_CONTRACT_RESERVE,NET_CONTRACT_RESERVE_YOY,POLICY_BONUS_EXPENSE,POLICY_BONUS_EXPENSE_YOY,REINSURE_EXPENSE,REINSURE_EXPENSE_YOY,OTHER_BUSINESS_COST,OTHER_BUSINESS_COST_YOY,OPERATE_TAX_ADD,OPERATE_TAX_ADD_YOY,SALE_EXPENSE,SALE_EXPENSE_YOY,MANAGE_EXPENSE,MANAGE_EXPENSE_YOY,ME_RESEARCH_EXPENSE,ME_RESEARCH_EXPENSE_YOY,FINANCE_EXPENSE,FINANCE_EXPENSE_YOY,FE_INTEREST_EXPENSE,FE_INTEREST_EXPENSE_YOY,FE_INTEREST_INCOME,FE_INTEREST_INCOME_YOY,ASSET_IMPAIRMENT_LOSS,ASSET_IMPAIRMENT_LOSS_YOY,CREDIT_IMPAIRMENT_LOSS,CREDIT_IMPAIRMENT_LOSS_YOY,TOC_OTHER,TOC_OTHER_YOY,FAIRVALUE_CHANGE_INCOME,FAIRVALUE_CHANGE_INCOME_YOY,INVEST_INCOME,INVEST_INCOME_YOY,INVEST_JOINT_INCOME,INVEST_JOINT_INCOME_YOY,NET_EXPOSURE_INCOME,NET_EXPOSURE_INCOME_YOY,EXCHANGE_INCOME,EXCHANGE_INCOME_YOY,ASSET_DISPOSAL_INCOME,ASSET_DISPOSAL_INCOME_YOY,ASSET_IMPAIRMENT_INCOME,ASSET_IMPAIRMENT_INCOME_YOY,CREDIT_IMPAIRMENT_INCOME,CREDIT_IMPAIRMENT_INCOME_YOY,OTHER_INCOME,OTHER_INCOME_YOY,OPERATE_PROFIT_OTHER,OPERATE_PROFIT_OTHER_YOY,OPERATE_PROFIT_BALANCE,OPERATE_PROFIT_BALANCE_YOY,OPERATE_PROFIT,OPERATE_PROFIT_YOY,NONBUSINESS_INCOME,NONBUSINESS_INCOME_YOY,NONCURRENT_DISPOSAL_INCOME,NONCURRENT_DISPOSAL_INCOME_YOY,NONBUSINESS_EXPENSE,NONBUSINESS_EXPENSE_YOY,NONCURRENT_DISPOSAL_LOSS,NONCURRENT_DISPOSAL_LOSS_YOY,EFFECT_TP_OTHER,EFFECT_TP_OTHER_YOY,TOTAL_PROFIT_BALANCE,TOTAL_PROFIT_BALANCE_YOY,TOTAL_PROFIT,TOTAL_PROFIT_YOY,INCOME_TAX,INCOME_TAX_YOY,EFFECT_NETPROFIT_OTHER,EFFECT_NETPROFIT_OTHER_YOY,EFFECT_NETPROFIT_BALANCE,EFFECT_NETPROFIT_BALANCE_YOY,UNCONFIRM_INVEST_LOSS,UNCONFIRM_INVEST_LOSS_YOY,NETPROFIT,NETPROFIT_YOY,PRECOMBINE_PROFIT,PRECOMBINE_PROFIT_YOY,CONTINUED_NETPROFIT,CONTINUED_NETPROFIT_YOY,DISCONTINUED_NETPROFIT,DISCONTINUED_NETPROFIT_YOY,PARENT_NETPROFIT,PARENT_NETPROFIT_YOY,MINORITY_INTEREST,MINORITY_INTEREST_YOY,DEDUCT_PARENT_NETPROFIT,DEDUCT_PARENT_NETPROFIT_YOY,NETPROFIT_OTHER,NETPROFIT_OTHER_YOY,NETPROFIT_BALANCE,NETPROFIT_BALANCE_YOY,BASIC_EPS,BASIC_EPS_YOY,DILUTED_EPS,DILUTED_EPS_YOY,OTHER_COMPRE_INCOME,OTHER_COMPRE_INCOME_YOY,PARENT_OCI,PARENT_OCI_YOY,MINORITY_OCI,MINORITY_OCI_YOY,PARENT_OCI_OTHER,PARENT_OCI_OTHER_YOY,PARENT_OCI_BALANCE,PARENT_OCI_BALANCE_YOY,UNABLE_OCI,UNABLE_OCI_YOY,CREDITRISK_FAIRVALUE_CHANGE,CREDITRISK_FAIRVALUE_CHANGE_YOY,OTHERRIGHT_FAIRVALUE_CHANGE,OTHERRIGHT_FAIRVALUE_CHANGE_YOY,SETUP_PROFIT_CHANGE,SETUP_PROFIT_CHANGE_YOY,RIGHTLAW_UNABLE_OCI,RIGHTLAW_UNABLE_OCI_YOY,UNABLE_OCI_OTHER,UNABLE_OCI_OTHER_YOY,UNABLE_OCI_BALANCE,UNABLE_OCI_BALANCE_YOY,ABLE_OCI,ABLE_OCI_YOY,RIGHTLAW_ABLE_OCI,RIGHTLAW_ABLE_OCI_YOY,AFA_FAIRVALUE_CHANGE,AFA_FAIRVALUE_CHANGE_YOY,HMI_AFA,HMI_AFA_YOY,CASHFLOW_HEDGE_VALID,CASHFLOW_HEDGE_VALID_YOY,CREDITOR_FAIRVALUE_CHANGE,CREDITOR_FAIRVALUE_CHANGE_YOY,CREDITOR_IMPAIRMENT_RESERVE,CREDITOR_IMPAIRMENT_RESERVE_YOY,FINANCE_OCI_AMT,FINANCE_OCI_AMT_YOY,CONVERT_DIFF,CONVERT_DIFF_YOY,ABLE_OCI_OTHER,ABLE_OCI_OTHER_YOY,ABLE_OCI_BALANCE,ABLE_OCI_BALANCE_YOY,OCI_OTHER,OCI_OTHER_YOY,OCI_BALANCE,OCI_BALANCE_YOY,TOTAL_COMPRE_INCOME,TOTAL_COMPRE_INCOME_YOY,PARENT_TCI,PARENT_TCI_YOY,MINORITY_TCI,MINORITY_TCI_YOY,PRECOMBINE_TCI,PRECOMBINE_TCI_YOY,EFFECT_TCI_BALANCE,EFFECT_TCI_BALANCE_YOY,TCI_OTHER,TCI_OTHER_YOY,TCI_BALANCE,TCI_BALANCE_YOY,ACF_END_INCOME,ACF_END_INCOME_YOY,OPINION_TYPE
600282.SH,600282,南钢股份,10002480,通用,2023-03-31 00:00:00,一季报,2023一季报,058001001,2023-04-28 00:00:00,2023-04-28 00:00:00,CNY,17897431299.15,3.3754211502,17897431299.15,3.3754211502,,,,,,,,,,,17586663897.99,8.211299131,16212767381.02,6.5841904621,,,,,584899559.36,27.8829200525,,,,,,,,,,,,,79283813.33,16.4604082599,150186777.98,66.8200691102,419045316.51,20.7300188743,,,140481049.79,79.3015383157,184891539.19,106.49211728,66948692.9,65.9743672473,,,,,,,-1094310.1,98.7611265074,-8087246.04,-149.8903907778,-6042495.17,-114.8975293085,,,118049587.1,5720.7715261673,14372086.09,4728.2197050265,8940841.98,107.9492191902,-37280753.74,-316.2734671278,85785655.4,18.4687613857,,,0.0,,491453261.85,-49.2124008992,2627345.53,-61.0338979532,,,2273801.88,-96.5126381632,,,,,0,,491806805.5,-45.9080601674,60466835.44,-63.4214377216,,,,,,,431339970.06,-42.0162935533,,,431339970.06,-42.0162935533,,,376199434.72,-49.7958910798,55140535.35,1113.3616510338,321050632.1,-59.9501946007,,,,,0.061,-49.9589827728,0.061,-49.9178981938,-114652764.19,-202.3970248906,-114652764.19,-202.3970248906,,,,,,,,,,,,,,,,,,,,,-114652764.19,-202.3970248906,,,,,,,-114888694.5,-200.9147890708,,,,,,,235930.31,112.5602455649,,,,,,,,,316687205.88,-61.2296807469,261546670.53,-68.4186478098,55140535.35,586.2880106334,,,,,,,,,,,
600282.SH,600282,南钢股份,10002480,通用,2022-12-31 00:00:00,年报,2022年报,058001001,2023-03-29 00:00:00,2023-03-29 00:00:00,CNY,70666923844.06,-7.6897587779,70666923844.06,-7.6897587779,,,,,,,,,,,67983145982.13,-5.0306404153,63066764959.72,-6.2331746627,,,,,2311228973.62,8.0420238636,,,,,,,,,,,,,343967353.31,2.7594229906,368571446.22,3.6898208559,1493526007.59,19.1315717711,,,399087241.67,64.8502230092,646568870.35,45.0950884452,324657035.73,24.896564983,,,,,,,61552753.72,-71.8130184962,-68460148.04,-150.9705079178,8703227.35,-91.0172313287,,,69596022.71,316.1166473164,9514509.56,34042.9207257274,-323660207.73,16.1530697817,3213967.87,106.1506412873,320868271.87,7.2676607786,,,0.0,,2756403031.89,-46.9888894454,83063415.48,87.1933831785,,,206806997.88,120.7467254777,,,,,0,,2632659449.49,-48.8839550441,309121207.03,-66.1667016417,,,,,,,2323538242.46,-45.1568669639,,,2323538242.46,-45.1568669639,,,2161466520.3,-48.5854685395,162071722.16,395.6423232181,2029196481.68,-45.0057733824,,,,,0.3512,-48.714953271,0.3512,-48.6849795441,32021366.75,14.5502432483,32021366.75,14.5502432483,,,,,,,-119335730.22,-223.180115133,,,-119335730.22,-223.180115133,,,,,,,,,151357096.97,319.5966088397,,,,,,,57591197.5,191.6455074814,,,,,,,93765899.47,1641.2403444701,,,,,,,,,2355559609.21,-44.7654981249,2193487887.05,-48.168428197,162071722.16,395.6423232181,,,,,,,,,,,标准无保留意见
600282.SH,600282,南钢股份,10002480,通用,2022-09-30 00:00:00,三季报,2022三季报,058001001,2022-10-29 00:00:00,2022-10-29 00:00:00,CNY,52644533863.39,-11.9878451416,52644533863.39,-11.9878451416,,,,,,,,,,,50009294793.77,-10.2969888125,46311393662.3,-11.6681136794,,,,,1741420533.87,15.1737771715,,,,,,,,,,,,,218612641.24,-8.8479324674,308126429.29,-11.7748669438,1099631041.99,15.4437187064,,,330110485.08,23.4536299117,448758895.99,13.6627351912,250136977.55,31.2350236772,,,,,,,-61828754.04,-157.1956470626,-3685767.88,-101.1763795586,21964051.18,-87.3793736696,,,56386849.78,54.0332855964,-5371355.23,80.0891041479,-244619726.91,-8.918857739,21361984.12,174.0894821349,240622263.16,-1.4771961715,,,0.0,,2638104562.62,-41.2065825168,61269207.56,51.9559004593,,,150462639.26,351.4992838258,,,,,0,,2548911130.92,-43.2827894719,364655174.28,-55.6560333574,,,,,,,2184255956.64,-40.5116404642,,,2184255956.64,-40.5116404642,,,2076897159.2,-43.0183028143,107358797.44,299.294065624,2010459944.05,-40.9843663798,,,,,0.3391,-42.9220669921,0.3389,-40.0283135728,27407852.27,126.8398691071,27407852.27,126.8398691071,,,,,,,,,,,,,,,,,,,,,27407852.27,126.8398691071,,,,,,,-7148615.62,93.2907243547,,,,,,,34556467.89,679.6939341125,,,,,,,,,2211663808.91,-38.0420474534,2104305011.47,-40.6022194732,107358797.44,299.294065624,,,,,,,,,-59995715.66,,
600282.SH,600282,南钢股份,10002480,通用,2022-06-30 00:00:00,中报,2022中报,058001001,2022-08-24 00:00:00,2022-08-24 00:00:00,CNY,34887175943.83,-9.5901766578,34887175943.83,-9.5901766578,,,,,,,,,,,32962724658.5,-8.4816266753,30784215407.08,-9.2515598458,,,,,954604646.22,-0.1638024454,,,,,,,,,,,,,120652911.41,-26.6871855956,177433564.75,-15.7394269589,688329376.36,15.5412836721,,,237488752.68,41.3996211304,300701171.15,38.1672369585,109718110.24,52.6078987083,,,,,,,29812938.34,-60.6447323934,59603199.51,-71.3472128548,70633846.4,-44.172739047,,,29250101.43,15.7161689312,232137.2,101.9999005103,-236975293.21,-13.5250050656,6934849.87,221.0433040564,164087601.78,6.4110537141,,,-0.01,,1977396820.24,-29.5644376441,36143907.32,147.4843421211,,,132872335.0,1042.6630757388,,,,,0,,1880668392.56,-33.0808814781,310303936.28,-43.2037668037,,,,,,,1570364456.28,-30.6380535109,,,1570364456.28,-30.6380535109,,,1491942913.39,-34.007450717,78421542.89,2320.7051353718,1484462440.05,-29.3719613507,,,,,0.2426,-34.2369205747,0.2425,-34.2283699485,-93427085.76,-24.0299208154,-94337776.85,-25.2389165029,910691.09,,,,,,,,,,,,,,,,,,,,-94337776.85,-25.2389165029,,,,,,,-113135988.58,-56.3351289296,,,,,,,18798211.73,735.3659994282,,,,,,,,,1476937370.52,-32.519515422,1397605136.54,-36.0495059188,79332233.98,2348.8162196104,,,,,,,,,-53595230.24,,
600282.SH,600282,南钢股份,10002480,通用,2022-03-31 00:00:00,一季报,2022一季报,058001001,2022-04-29 00:00:00,2023-04-28 00:00:00,CNY,17313043177.97,2.1922035314,17313043177.97,2.1922035314,,,,,,,,,,,16252151151.7,2.7693834023,15211230962.8,0.4430180173,,,,,457371132.22,147.8076085409,,,,,,,,,,,,,68077911.21,14.562446816,90029202.59,-10.5204648258,347092894.06,15.057048547,,,78349048.82,229.476021723,89539272.31,52.8524668337,40336766.46,1.5088810907,,,,,,,-88331060.96,-4688.6705707769,16210027.45,-80.4222359276,40560384.51,-21.8556334361,,,2028074.57,-82.1551816598,-310531.63,81.6141185682,-112474467.82,-15.1779575973,17237784.29,294.0958913306,72412047.19,-9.4620687997,,,0.0,,967663899.36,-19.0440965729,6742643.97,-44.615406638,,,65201203.27,2317.1718080668,,,,,0,,909205340.06,-24.5331406473,165306758.04,-26.9913908697,,,,,,,743898582.02,-23.9642263353,,,743898582.02,-23.9642263353,,,749339930.16,-23.5122442346,-5441348.14,-308.2896280285,801628444.63,-13.0281122759,,,,,0.1219,-23.7648530331,0.1218,-23.8273921201,111968843.15,202.9331854268,111968843.15,202.9331854268,,,,,,,,,,,,,,,,,,,,,111968843.15,202.9331854268,,,,,,,113847232.46,204.6599925431,,,,,,,-1878389.31,,,,,,,,,,816828986.66,-6.0657480623,828168056.12,-4.9075095718,-11339069.47,-750.8230565258,,,,,,,,,-28980817.06,,
600282.SH,600282,南钢股份,10002480,通用,2021-12-31 00:00:00,年报,2021年报,058001001,2022-03-23 00:00:00,2023-03-29 00:00:00,CNY,76553720268.21,44.1069143691,76553720268.21,44.1069143691,,,,,,,,,,,71584294428.66,43.1699851342,67259144940.52,42.1151274387,,,,,2139194445.8,151.9925977464,,,,,,,,,,,,,334730716.95,23.3364833488,355455765.26,12.474984779,1253677749.22,27.5956082768,,,242090810.91,-4.4665180888,445617337.76,1.7989553873,259940724.37,18.6902895013,,,,,,,218372987.94,429.1998849201,134313254.54,-76.2140217428,96888027.16,-57.8943773729,,,16725123.39,-86.4403744843,-28030.91,82.2532780829,-386013187.23,-66.1164860702,-52254191.39,-846.9381809744,299128618.58,-12.3808774332,,,0,,5199670414.47,34.6752366009,44373051.05,0.0595213772,,,93685193.94,257.0649267072,,,,,0,,5150358271.58,32.775249673,913659684.48,32.1363881062,,,,,,,4236698587.1,32.9138331354,,,4236698587.1,32.9138331354,,,4203999256.44,47.7204790787,32699330.66,-90.4286553573,3689835472.71,49.8375604149,,,,,0.6848,23.3873873874,0.6844,23.3375382952,27953992.8,-75.8019824031,27953992.8,-75.8019824031,,,,,,,96879053.97,221.7841285643,,,96879053.97,221.7841285643,,,,,,,,,-68925061.17,-180.6943445576,,,,,,,-62841266.4,-170.9316029283,,,,,,,-6083794.77,-91.3631322413,,,,,,,,,4264652579.9,29.1116029549,4231953249.24,42.9020271951,32699330.66,-90.4286553573,,,,,,,,,-159753584.27,,标准无保留意见
600282.SH,600282,南钢股份,10002480,通用,2021-09-30 00:00:00,三季报,2021三季报,058001001,2021-10-30 00:00:00,2022-10-29 00:00:00,CNY,59815072075.08,54.724048726,59815072075.08,54.724048726,,,,,,,,,,,55749850681.4,54.3361794185,52428851676.76,54.3757619663,,,,,1511993942.23,205.4565219522,,,,,,,,,,,,,239832893.71,17.7790630162,349250172.39,-34.1871299,952525658.66,26.8189489672,,,267396337.65,48.4554454596,394816203.6,37.5592162194,190602303.06,21.1620002197,,,,,,,108100453.82,238.0128259392,313314512.58,18.5819021599,174032972.73,16.1983934308,,,36606925.29,58.3334723607,-26976964.12,-149.6238668457,-224588957.31,-16.7047042948,-28832681.11,-216.0615028615,244230019.66,-14.1521688105,,,0,,4487074702.49,59.2301988636,40320387.28,-3.4922874594,,,33325111.39,620.1768001878,,,,,0,,4494069978.38,57.4032402119,822333232.43,68.8987091385,,,,,,,3671736745.95,55.0399326844,,,3671736745.95,55.0399326844,,,3644849595.18,81.637719561,26887150.77,-92.5642566149,3406656542.89,82.9052783306,,,,,0.5941,47.565822156,0.5651,40.3626428217,-102116192.0,-282.3754780084,-102116192.0,-284.5699391869,,,,,,,,,,,,,,,,,,,,,-102116192.0,-284.5699391869,,,,,,,-106548247.5,-292.1646136085,,,,,,,4432055.5,3800.020503467,,,,,,,,,3569620553.95,47.2467177975,3542733403.18,71.8117491514,26887150.77,-92.57792132,,,,,,,,,,,
600282.SH,600282,南钢股份,10002480,通用,2021-06-30 00:00:00,中报,2021中报,058001001,2021-08-18 00:00:00,2022-08-24 00:00:00,CNY,38587815631.25,58.4174885233,38587815631.25,58.4174885233,,,,,,,,,,,36017603308.51,57.8789897477,33922583522.96,59.3497596131,,,,,956170877.5,154.6232157787,,,,,,,,,,,,,164572745.42,31.4651456172,210577211.08,-41.4587408789,595743230.89,22.8093912754,,,167955720.66,-6.5790039655,217635655.0,4.4923655575,71895433.44,48.6419694731,,,,,,,75753362.01,214.7030821762,208018854.18,4.4639576568,126522142.04,34.8511580357,,,25277454.05,231.2541301676,-11607437.41,-328.1992718201,-208742816.68,-25.7529468098,-5729230.48,-203.1642759693,154201651.1,-15.7465174863,,,0,,2807384159.51,64.6107319093,14604522.86,-62.9661805903,,,11628303.9,283.3130084626,,,,,0,,2810360378.47,61.3415227318,546345978.98,100.6648106389,,,,,,,2264014399.49,54.0562391518,,,2264014399.49,54.0562391518,,,2260774783.82,102.6525392454,3239615.67,-99.0848825038,2101803290.08,105.4802561256,,,,,0.3689,46.5633690902,0.3687,46.483909416,-75326248.01,-359.4711174355,-75326248.01,-365.5609019075,,,,,,,,,,,,,,,,,,,,,-75326248.01,-365.5609019075,,,,,,,-72367605.0,-364.9725910706,,,,,,,-2958643.01,-380.8109631729,,,,,,,,,2188688151.48,46.0456178282,2185448535.81,91.0429586891,3239615.67,-99.0866001725,,,,,,,,,,,
600282.SH,600282,南钢股份,10002480,通用,2021-03-31 00:00:00,一季报,2021一季报,058001001,2021-04-30 00:00:00,2022-04-29 00:00:00,CNY,16941647777.13,46.906616212,16941647777.13,46.906616212,,,,,,,,,,,15814195447.77,46.2780072086,15144139695.38,48.5937216128,,,,,184567025.57,15.6961227782,,,,,,,,,,,,,59424281.78,7.5932035865,100614294.0,-18.0293791222,301670257.01,16.700498854,,,23779894.03,1.5746552531,58578886.01,-26.9751232451,39737179.67,-39.2975719374,,,,,,,1924981.53,102.6448487753,82798155.04,-7.6928232416,51904425.48,51.3359226949,,,11365061.45,26.003274584,-1688967.87,16.2062368949,-97652771.56,2.4401043095,-8881066.04,-212.4065170229,79979789.94,16.8507962193,,,0,,1195297511.85,65.6974051874,12174223.12,833.3237442094,,,2697417.0,331.951273052,,,,,0,,1204774317.97,66.8538557343,226420911.19,72.4586886564,,,,,,,978353406.78,65.6082507609,,,978353406.78,65.6082507609,,,979686124.48,112.3796305568,-1332717.7,-101.0293352677,921709837.06,100.0218680704,,,,,0.1599,53.6023054755,0.1599,53.6023054755,-108778177.5,-435.2161009221,-108778177.5,-435.2161009221,,,,,,,,,,,,,,,,,,,,,-108778177.5,-435.2161009221,,,,,,,-108778177.5,-407.458417849,,,,,,,,,,,,,,,,,869575229.28,52.4395119282,870907946.98,97.5000670046,-1332717.7,-101.0293352678,,,,,,,,,,,
600282.SH,600282,南钢股份,10002480,通用,2020-12-31 00:00:00,年报,2020年报,058001001,2021-03-27 00:00:00,2022-03-23 00:00:00,CNY,53122864092.53,10.7407318113,53122864092.53,10.7407318113,,,,,,,,,,,49999512370.96,12.7953940557,47327224168.68,13.7648718872,,,,,848911620.79,45.8494851542,,,,,,,,,,,,,271396352.37,-10.6245622091,316030952.09,-51.6716784355,982539890.01,7.7851625156,,,253409387.02,-8.0198264406,437742544.67,20.7221140917,219007574.64,70.3819633241,,,,,,,-66334466.67,-136.1167150667,564674082.72,34.6949731091,230107099.99,11.4874534708,,,123345024.32,299.8139414007,-157949.79,-105.4600752081,-232375001.64,29.1020116442,6995785.29,137.5457570354,341396500.92,58.4038803489,,,0,,3860895696.72,-4.8114112858,44346655.31,174.4371182078,,,26237579.48,-84.58705701,,,,,0,,3879004772.55,-0.5887381496,691451989.55,28.7327587232,,,,,,,3187552783.0,-5.2692431532,,,3187552783.0,-5.2692431532,,,2845914989.35,9.1968533157,341637793.65,-54.9665289388,2462557093.49,4.8204673603,,,,,0.555,-5.7404891304,0.5549,-5.7254502209,115521830.2,392.2825907907,115521830.2,392.2825907907,,,,,,,30106846.6,4.6400110724,,,30106846.6,4.6400110724,,,,,,,,,85414983.6,1710.0049358163,,,,,,,88594172.14,1296.6901810774,,,,,,,-3179188.54,-251.5338862249,,,,,,,,,3303074613.2,-2.5159104035,2961436819.55,12.6153948325,341637793.65,-54.9665289388,,,,,,,,,,,标准无保留意见
600282.SH,600282,南钢股份,10002480,通用,2020-09-30 00:00:00,三季报,2020三季报,058001001,2020-10-30 00:00:00,2021-10-30 00:00:00,CNY,38659195236.67,5.2496550692,38659195236.67,5.2496550692,,,,,,,,,,,36122347262.61,7.0751991587,33961841553.98,7.2986668514,,,,,494994813.85,16.8714216459,,,,,,,,,,,,,203629480.12,-8.3298844452,530671541.69,5.3811362185,751090957.95,7.5359896689,,,180118915.02,-23.7120179589,287015450.11,-14.9833409754,157311948.23,18.548744206,,,,,,,-78326382.41,-181.6343692344,264217816.44,-18.3085802326,149772271.02,-1.6066243236,,,23120143.04,148.6642883988,-10807045.2,-286.0242581917,-192442077.35,-8.6707066441,-9122490.67,-54.4648988652,284491776.06,48.9780739144,,,0,,2817979713.97,-16.6550439927,41779445.62,586.725377118,,,4627351.42,-88.5644874286,,,,,0,,2855131808.17,-14.6887377742,486879524.79,-4.1302335787,,,,,,,2368252283.38,-16.5775858483,,,2368252283.38,-16.5775858483,,,2006658971.49,-15.5167826195,361593311.89,-22.0119136772,1862525004.19,-13.0835665644,,,,,0.4026,-25.0,0.4026,-25.0,55992282.03,412.3048052439,55326556.67,390.256833341,665725.36,-41.2169676247,,,,,,,,,,,,,,,,,,,55326556.67,2986.790247912,,,,,,,55446341.29,,,,,,,,-119784.62,-106.6830473306,,,,,,,,,2424244565.41,-14.0625065842,2061985528.16,-12.4851437158,362259037.25,-22.05870949,,,,,,,,,,,
600282.SH,600282,南钢股份,10002480,通用,2020-06-30 00:00:00,中报,2020中报,058001001,2020-08-26 00:00:00,2021-08-18 00:00:00,CNY,24358305380.89,1.0923654835,24358305380.89,1.0923654835,,,,,,,,,,,22813423981.28,4.713992123,21288129712.48,4.5549803821,,,,,375523840.03,46.0389092732,,,,,,,,,,,,,125183556.94,-20.5612392551,359707348.7,9.8284766059,485095825.9,6.8422536099,,,179783697.23,-21.6419101541,208279000.9,-10.9004069872,48368192.17,65.8323802295,,,,,,,-66043004.75,-161.7596928545,199129784.9,-20.3145091081,93823548.78,-1.6009501203,,,7630834.38,181.1311407311,-2710755.99,-146.7528973366,-165994373.87,-16.9305083898,5553502.34,-49.2679446053,183021100.73,15.2941170075,,,0,,1705468487.35,-36.5911273189,39435637.73,2912.6331856832,,,3033631.43,-91.362098023,,,,,0,,1741870493.65,-34.4132294903,272267956.32,-45.5128744406,,,,,,,1469602537.33,-31.8408441193,,,1469602537.33,-31.8408441193,,,1115591638.89,-39.4012343501,354010898.44,12.3181201767,1022873598.52,-39.3863109141,,,,,0.2517,-39.4806443857,0.2517,-39.4660894661,29030687.02,333.5158460546,28364961.66,335.9510892187,665725.36,250.1720706411,,,,,,,,,,,,,,,,,,,28364961.66,9327.2538104985,,,,,,,27311355.0,,,,,,,,1053606.66,250.1720721258,,,,,,,,,1498633224.35,-30.7096244178,1143956600.55,-38.0793001132,354676623.8,12.4615023903,,,,,,,,,,,
600282.SH,600282,南钢股份,10002480,通用,2020-03-31 00:00:00,一季报,2020一季报,058001001,2020-04-30 00:00:00,2021-04-30 00:00:00,CNY,11532256486.45,-2.3999646321,11532256486.45,-2.3999646321,,,,,,,,,,,10811054750.85,-0.0364238887,10191641699.94,0.672540248,,,,,159527407.78,25.2194196565,,,,,,,,,,,,,55230516.24,-24.187189163,122744335.62,-23.8694897947,258499543.68,12.0301049792,,,23411247.59,-76.4041967138,80217712.94,-16.7130926734,65462257.34,601.1152947011,,,,,,,-72782290.92,-241.4368191884,89698502.27,58.0817759102,34297491.67,-22.8841429069,,,9019655.63,486.0097183497,-2015624.8,72.654763145,-100095198.82,-43.7619096674,7900846.21,257.2934823372,68446080.41,-50.8299171089,,,0,,721373705.58,-38.4030927854,1304394.45,54.0896662971,,,624472.52,-91.8440144908,,,,,0,,722053627.51,-37.984412778,131289941.35,-30.5475621295,,,,,,,590763686.16,-39.4258850902,,,590763686.16,-39.4258850902,,,461290059.65,-44.8766343813,129473626.51,-6.4780576818,460804534.0,-40.4268188647,,,,,0.1041,-44.978858351,0.1041,-44.9497620307,-20324160.15,-172.4608680036,-20324160.15,-172.4608680036,,,,,,,,,,,,,,,,,,,,,-20324160.15,-1591.514239955,,,,,,,-21435880.0,,,,,,,,1111719.85,192.524854323,,,,,,,,,570439526.0,-43.1449549172,440965899.5,-49.0142477874,129473626.5,-6.4780576891,,,,,,,,,,,
600282.SH,600282,南钢股份,10002480,通用,2019-12-31 00:00:00,年报,2019年报,058001001,2020-03-25 00:00:00,2021-03-27 00:00:00,CNY,47970483148.92,9.9060993277,47970483148.92,9.9060993277,,,,,,,,,,,44327618862.07,17.7356315422,41600911936.67,19.3075304981,,,,,582046360.94,30.4703244312,,,,,,,,,,,,,303658766.97,-24.6340238317,653924948.89,16.4857830002,911572490.2,-6.9790653404,,,275504358.4,-29.5606830426,362603445.08,-13.9499172007,128539177.72,99.9522982694,,,,,,,183666943.54,323.7787037365,419224318.24,19.6643116198,206397305.55,167.6896476443,,,-61729939.09,46.2155226066,2892813.45,-70.1605018173,-327759654.44,-5.4915925876,-18632692.06,,215522814.32,14.0060253624,,,0,,4056048890.81,-32.8267017191,16159131.68,145.2364148708,,,170230821.57,26.2949507106,,,,,0,,3901977200.92,-33.9765540821,537122016.5,-54.056647448,,,,,,,3364855184.42,-29.0248345908,,,3364855184.42,-29.0248345908,,,2606224358.06,-34.9775605054,758630826.36,3.5392588977,2349309400.64,-40.4812127624,,,,,0.5888,-35.1398986561,0.5886,-35.1619299405,23466568.26,143.963471578,23466568.26,143.963471578,,,,,,,28771830.48,,,,28771830.48,,,,,,,,,,-5305262.22,90.0608498764,,,,,,,-7403267.24,,,,,,,,2098005.02,1819.372127124,,,,,,,,,3388321752.68,-27.7160110011,2629690926.32,-33.5065972873,758630826.36,3.5392588977,,,,,,,,,,,标准无保留意见
600282.SH,600282,南钢股份,10002480,通用,2019-09-30 00:00:00,三季报,2019三季报,058001001,2019-10-30 00:00:00,2020-10-30 00:00:00,CNY,36730947204.76,9.1834424338,36730947204.76,9.1834424338,,,,,,,,,,,33735493883.19,18.0300216944,31651690137.96,19.3092314336,,,,,423537941.85,66.0811315786,,,,,,,,,,,,,222132893.46,-31.7763536978,503573562.34,10.8114389573,698455428.98,3.8094865565,,,236103918.6,-31.5896397868,337599069.88,-13.0258875947,132698114.42,91.9517504115,,,,,,,95947801.33,107.7248439904,323433987.55,290.7357954838,152217839.86,175.7063986073,,,-47509464.95,60.5085075645,5809481.68,249.222504242,-177087352.51,-21.0619691799,-5905866.47,,190962178.92,51.7777840683,,,0,,3381104087.12,-33.0372924978,6083865.11,44.8202763375,,,40464748.66,514.701893957,,,,,0,,3346723203.57,-33.6869237792,507855127.81,-48.2091376301,,,,,,,2838868075.76,-30.1848610337,,,2838868075.76,-30.1848610337,,,2375216088.72,-30.8988734608,463651987.04,-26.2827391225,2142891661.07,-36.2589287488,,,,,0.5368,-30.9581993569,0.5368,-30.8336554568,-17928728.95,41.6585572169,-19061241.74,41.1364019742,1132512.79,-31.4194559553,,,,,-20853607.02,,,,-20853607.02,,,,,,,,,,1792365.28,105.535057516,,,,,,,,,,,,,,,1792365.28,-31.4194560107,,,,,,,,,2820939346.79,-30.0974885441,2356154846.97,-30.8015108321,464784499.82,-26.2961904816,,,,,,,,,,,
600282.SH,600282,南钢股份,10002480,通用,2019-06-30 00:00:00,中报,2019中报,058001001,2019-08-27 00:00:00,2020-08-26 00:00:00,CNY,24095098837.98,11.436168211,24095098837.98,11.436168211,,,,,,,,,,,21786414135.06,19.1673219698,20360703655.32,20.2300787339,,,,,257139581.43,44.403108335,,,,,,,,,,,,,157584982.15,-28.2649576118,327517379.66,15.2522888187,454029945.56,3.4026208025,,,229438590.94,1.3373723161,233759766.86,-11.6028807834,29166916.68,-44.55815625,,,,,,,106935448.83,161.0229446436,249894657.95,656.8676310669,95350055.61,169.2853336852,,,-9405555.39,84.8696126265,5798049.2,335.9189014275,-141959849.62,-35.1150098178,10946732.39,,158742792.33,92.7667348365,,,0,,2689636978.61,-19.2437681015,1309008.94,3.1034680186,,,35120002.96,622.8478921867,,,,,0,,2655825984.59,-20.1729215086,499692273.22,-11.2603087296,,,,,,,2156133711.37,-21.9887356162,,,2156133711.37,-21.9887356162,,,1840947793.12,-19.5550249949,315185918.25,-33.7035395685,1687529028.42,-24.7347457186,,,,,0.4159,-19.6949217996,0.4158,-19.5744680851,6696568.83,116.0608539913,6506455.05,115.535040772,190113.78,1.4089812614,,,,,6205572.5,,,,6205572.5,,,,,,,,,,300882.55,100.7183977521,,,,,,,,,,,,,,,300882.55,1.4089790001,,,,,,,,,2162830280.19,-20.5478556311,1847454248.16,-17.7656876485,315376032.03,-33.6896990774,,,,,,,,,,,
600282.SH,600282,南钢股份,10002480,通用,2019-03-31 00:00:00,一季报,2019一季报,058001001,2019-04-30 00:00:00,2020-04-30 00:00:00,CNY,11815832282.21,13.9544155117,11815832282.21,13.9544155117,,,,,,,,,,,10814993992.23,20.5482069334,10123556706.56,21.7860478624,,,,,127398296.7,92.9805917047,,,,,,,,,,,,,72851165.43,-12.5877349468,161228836.23,20.5057198677,230741142.06,9.2292903817,,,99217845.25,-18.1629726754,96314913.73,-32.5581130684,9336874.81,-66.5124052742,69625674.18,60.7992084712,-2211304.32,,,,51459224.93,287.6042883466,56741836.15,309.7293140765,44475277.8,442.0404673514,,,-2336639.52,-121.9244651353,-7371027.03,,-69625674.18,,2211304.32,,139202694.78,268.0545161885,,,0,,1171120009.43,-18.2349793571,846516.5,-17.89330928,,,7656616.35,204.5581610216,,,,,0,,1164309909.58,-18.6261905677,189035756.52,-0.140093435,,,,,,,975274153.06,-21.4448711626,,,975274153.06,-21.4448711626,,,836832175.38,-16.9709004105,138441977.68,-40.7449390604,773510034.58,-23.1685464141,,,,,0.1892,-17.2353455818,0.1891,-17.2066549912,28048463.55,782.3123801806,28048463.55,782.3123801806,,,,,,,29250000.0,,,,29250000.0,,,,,,,,,,-1201536.45,70.7711905997,,,,,,,,,,,,,,,-1201536.45,69.4159311133,,,,,,,,,1003322616.61,-18.9171854278,864880638.93,-13.8365467515,138441977.68,-40.7449390604,,,,,,,,,,,
600282.SH,600282,南钢股份,10002480,通用,2018-12-31 00:00:00,年报,2018年报,058001001,2019-03-23 00:00:00,2020-03-25 00:00:00,CNY,43646788888.3,16.0798349706,43646788888.3,16.0798349706,,,,,,,,,,,37650130450.27,10.1231156305,34868638855.39,10.8484006456,,,,,446113982.99,77.7745049923,,,,,,,,,,,,,402912272.1,45.7002940219,561377476.33,10.5849452573,979964879.45,25.6721434946,,,391122984.01,-28.7611282283,421386515.02,-30.4782122468,64284921.37,-28.600148058,310697418.06,-15.8102934293,,,,,-82075255.81,-332.7670524176,350333622.92,411.9919916693,77103207.9,219.3826117452,,,-114772778.47,-282.9908991878,9694578.08,,-310697418.06,,,,189045108.48,17.9339555079,,,0,,6038186295.17,61.5247291477,6589205.64,-21.14439344,,,134788303.58,2.8957980023,,,,,0,,5909987197.23,63.4578247627,1169096260.21,443.9782905561,,,,,,,4740890937.02,39.4097692025,,,4740890937.02,39.4097692025,,,4008192215.36,25.2423306158,732698721.66,265.7307013817,3947172833.45,28.3974176726,,,,,0.9078,15.5549898167,0.9078,15.7760489733,-53377423.16,-391.3853256122,-53377423.16,-391.3853256122,,,,,,,,,,,,,,,,,,,,,-53377423.16,-391.3853256122,,,-53486730.0,-1065.9364553206,,,,,,,,,,,109306.84,101.7418881703,,,,,,,,,4687513513.86,38.2818691065,3954814792.2,23.9953338042,732698721.66,265.7307013817,,,,,,,,,,,标准无保留意见
600282.SH,600282,南钢股份,10002480,通用,2018-09-30 00:00:00,三季报,2018三季报,058001001,2018-10-30 00:00:00,2019-10-30 00:00:00,CNY,33641499467.3,24.2679718938,33641499467.3,24.2679718938,,,,,,,,,,,28582129697.92,14.6289399453,26529120804.51,14.7611967982,,,,,255018699.49,191.2499917655,,,,,0.0,,,,,,,,325595164.58,79.3324549169,454441858.24,9.7685980278,672824278.54,11.8291235901,,,345128892.56,-20.8352662395,388160408.36,-20.066423518,69130973.87,332.7732001682,146278268.65,50.8965266062,,,0.0,,46189853.6,-52.0119394108,82775622.63,210.1464259973,55210122.3,178.3387191117,,,-120303037.49,-580.5908177368,1663547.34,118.4886474616,-146278268.65,,,,125816950.15,3.0022957018,,,0,,5049234436.96,110.5264848766,4200976.04,-48.8702770335,,,6582824.79,-21.4382682495,,,0.0,,0,,5046852588.21,110.4414646565,980588282.51,228.1966434421,,,,,,,4066264305.7,93.6832041448,,,4066264305.7,93.6832041448,,,3437304437.25,67.947826045,628959868.45,1091.4217926866,3361869543.46,78.4727133876,,,,,0.7775,67.4924601465,0.7761,67.190866006,-30730691.76,-795.4568447432,-32382053.39,-347.2960913559,1651361.63,119.0344022864,,,,,,,,,,,,,,,,,,,-32382053.39,-347.2960913559,,,-34995572.0,-570.5006076639,,,,,,,,,,,2613518.61,-53.7962049422,,,,,,,,,4035533613.94,91.8157258475,3404922383.86,65.307989485,630611230.08,1329.470297684,,,,,,,,,,,
600282.SH,600282,南钢股份,10002480,通用,2018-06-30 00:00:00,中报,2018中报,058001001,2018-08-18 00:00:00,2019-08-27 00:00:00,CNY,21622332519.86,27.5036361548,21622332519.86,27.5036361548,,,,,,,,,,,18282205033.17,16.1194910577,16934783599.69,16.3096994082,,,,,178070669.25,,,,,,0.0,,,,,,,,219676432.75,92.2477005478,284174295.38,14.5699213605,439089398.35,-0.5725834764,,,226410637.75,-31.8824776409,264442743.08,,52608129.0,,105065935.91,119.2463498555,,,0.0,,40967834.83,24.0272553972,33016956.69,-11.9710586643,35408558.76,205.7722608486,,,-62163348.22,-462.9766274777,1330075.2,138.5683156878,-105065935.91,,,,82349681.58,-25.8919032149,,,0,,3330562750.86,136.337218508,1269607.09,-58.2098808011,,,4858560.61,154.9985085778,,,0.0,,0,,3326973797.34,135.8929387591,563098953.88,212.0388299403,,,,,,,2763874843.46,124.7205271946,,,2763874843.46,124.7205271946,,,2288455920.34,89.4172083471,475418923.12,2084.8086755235,2242108984.46,103.1762564272,,,,,0.5179,69.8589701541,0.517,69.563791407,-41694973.59,29.0206510115,-41882445.92,13.2487644197,187472.33,101.7916598427,,,,,,,,,,,,,,,,,,,-41882445.92,13.2487644197,,,-42179148.0,14.6225007107,,,,,,,,,,,296702.08,-73.6107789011,,,,,,,,,2722179869.87,132.4317000219,2246573474.42,93.6905810242,475606395.45,4110.1741471034,,,,,,,,,,,
600282.SH,600282,南钢股份,10002480,通用,2018-03-31 00:00:00,一季报,2018一季报,058001001,2018-04-18 00:00:00,2019-04-30 00:00:00,CNY,10368911313.49,21.9007874094,10368911313.49,21.9007874094,,,,,,,,,,,8971509628.68,12.385795411,8312575113.69,11.9561391634,,,,,66016118.81,,,,,,0.0,,,,,,,,83342040.6,49.6406335128,133793513.21,8.71077719,211244750.61,16.2981950397,,,121238330.0,-21.8008452859,142811712.59,,27881592.83,,43299761.76,1.9225593858,,,0,,-27429663.46,-130.6179802896,13848615.22,-31.281603733,8205158.19,942.1003061328,,,10657680.84,174.5005720371,,,,,,,37821216.33,-43.8548905568,,,0,,1432299533.74,103.3848109113,1030995.76,-82.2960895519,,,2514007.94,98.1996199404,,,0.0,,0,,1430816521.56,101.8684942917,189300954.73,19.6971719453,,,,,,,1241515566.83,125.4691548292,,,1241515566.83,125.4691548292,,,1007878177.07,83.6216138818,233637389.76,13266.6921058492,1006762202.82,129.6107058807,,,,,0.2286,65.0541516245,0.2284,64.9097472924,-4110795.05,74.1552007539,-4110795.05,74.1552007539,,,,,,,,,,,,,,,,,,,,,-4110795.05,74.1552007539,,,-182160.0,98.794186626,,,,,,,,,,,-3928635.05,-391.7678193145,,,,,,,,,1237404771.78,131.4070284227,1003767382.02,88.330113448,233637389.76,13266.6921058492,,,,,,,,,,,
600282.SH,600282,南钢股份,10002480,通用,2017-12-31 00:00:00,年报,2017年报,058001001,2018-02-13 00:00:00,2019-03-23 00:00:00,CNY,37600664145.81,55.5426626557,37600664145.81,55.5426626557,,,,,,,,,,,34189125720.52,42.3393462796,31456149707.44,44.8676957649,,,,,250943735.16,,,,,,,,,,,,,,276534975.31,58.710777252,507643671.59,19.3210923659,779778916.95,-10.6383851073,,,549030289.62,-20.4213622768,606121517.64,,90035090.58,,369044424.45,157.1281540764,,,0,,35260684.43,-70.9599208245,68425605.99,-44.4962666035,-64584956.53,-1375.8908480957,,,62720484.45,169.9949516152,,,,,,,160297437.38,,,,0,,3738242637.54,1107.8114048905,8356039.51,-94.7022833722,,,130994954.31,741.6097937276,,,,,0,,3615603722.74,700.4971863555,214915977.44,122.0554938884,,,,,,,3400687745.3,858.2507507233,,,3400687745.3,858.2507507233,,,3200349431.1,804.7302804265,200338314.2,17324.375426035,3074183971.14,1977.9292490323,,,,,0.7856,779.7312430011,0.7841,778.0515117581,-10862640.86,-110.3843680012,-10862640.86,-110.3843680012,,,,,,,,,,,,,,,,,,,,,-10862640.86,-110.3843680012,,,-4587448.12,-104.4180915871,,,,,,,,,,,-6275192.74,-912.3759282761,,,,,,,,,3389825104.44,637.7353741913,3189486790.24,595.8765443659,200338314.2,17324.375426035,,,,,,,,,,,标准无保留意见
600282.SH,600282,南钢股份,10002480,通用,2017-09-30 00:00:00,三季报,2017三季报,058001001,2017-10-28 00:00:00,2018-10-30 00:00:00,CNY,27071737757.22,53.1336049764,27071737757.22,53.1336049764,,,,,,,,,,,24934479644.98,42.2147452964,23116803889.01,45.7848214553,,,,,87560070.97,,,,,,0.0,,,,,,,,181559531.28,37.8373527774,413999874.65,24.8168134226,601653895.64,-5.7631562846,,,435962929.66,-17.9058865951,485603704.28,,-29698854.43,,96939453.77,124.0190330536,,,0,,96252803.37,471.005017108,26689207.32,-56.8652329248,-70476161.63,-18804.4970555876,,,25032321.27,143.1206082897,-8997669.21,,,,,,122149656.27,,,,0,,2398384431.26,1342.9855683784,8216309.02,-93.6201999822,2200.0,-98.1822616499,8379174.75,-42.8580010945,8999869.21,32.7241297206,0.0,,0,,2398221565.53,755.4921002507,298780716.41,463.6475139256,,,,,,,2099440849.12,823.5457431542,,,2099440849.12,,,,2046650152.13,799.1495548914,52790696.99,17893.2180961009,1883688256.68,1070.5796878166,,,,,0.4642,708.7108013937,0.4642,708.7108013937,4418777.67,-77.6277640762,13094446.1,-33.7029243562,-8675668.43,,,,,,,,,,,,,,,,,,,,13094446.1,-33.7029243562,,,7437944.06,-64.1187108585,,,,,,,,,,,5656502.04,678.289200234,,,,,,,,,2103859626.79,751.5060041003,2059744598.23,732.6512451761,44115028.56,14969.0653702203,,,,,,,,,,,
600282.SH,600282,南钢股份,10002480,通用,2017-06-30 00:00:00,中报,2017中报,058001001,2017-08-18 00:00:00,2018-08-18 00:00:00,CNY,16958208543.65,55.9333811827,16958208543.65,55.9333811827,,,,,,,,,,,15744303446.94,46.9335261834,14560078553.95,50.5951268882,,,,,,,,,,,0.0,,,,,,,,114267391.56,81.6796461601,248035690.35,19.7454049665,441618030.22,12.5475253424,,,332382373.74,-3.171870637,,,,,47921407.12,16.2820577769,,,0,,33031316.14,211.1773432933,37506933.73,217.8259956602,-33476223.8,-863.0185069597,,,17125992.01,138.2120393564,-3448621.43,,,,,,111121031.51,,,,0,,1409241748.67,1348.2421702634,3038055.68,-97.1058992012,,,1905329.03,-88.1022594922,3448621.43,-43.2020309125,0.0,,0,,1410374475.32,657.1792465285,180457975.05,339.0298363035,,,,,,,1229916500.27,747.2651600651,,,1229916500.27,,,,1208156291.77,730.0223858651,21760208.5,5623.4842159955,1103529036.26,682.1508037408,,,,,0.3049,730.7901907357,0.3049,730.7901907357,-58742400.69,-894.6872661288,-48278788.93,-717.5065371642,-10463611.76,,,,,,,,,,,,,,,,,,,,-48278788.93,-717.5065371642,,,-49403119.5,-925.7708656261,,,,,,,,,,,1124330.57,203.2044547938,,,,,,,,,1171174099.58,741.0133014268,1159877502.84,730.551659137,11296596.74,2967.4621287685,,,,,,,,,,,
600282.SH,600282,南钢股份,10002480,通用,2017-03-31 00:00:00,一季报,2017一季报,058001001,2017-04-15 00:00:00,2018-04-18 00:00:00,CNY,8506024886.18,77.1744149957,8506024886.18,77.1744149957,,,,,,,,,,,7982778958.74,65.6129661635,7424849745.45,74.4585300768,,,,,,,,,,,0.0,,,,,,,,55694792.68,105.8600235981,123072906.54,12.3371048708,181640609.76,-9.9830339576,,,155037903.47,-14.1140223628,,,,,42483000.84,-6.1964888356,,,0,,89586782.67,264.4208254235,20152704.33,394.6537578461,787367.41,124.1350836033,,,3882571.45,98.2317304511,,,,,,,67363331.74,,,,0,,704231317.63,1140.8093133129,5823548.21,-92.91917506,,,1268422.18,-78.1302564151,436014.23,-90.157955061,0.0,,0,,708786443.66,7970.779057905,158149897.49,7932.9086649272,,,,,,,550636546.17,4997.9314352418,,,550636546.17,,,,548888638.85,4830.3712599155,1747907.32,627.0664066214,438464835.06,1390.2842841627,,,,,0.1385,4846.4285714286,0.1385,4846.4285714286,-15905695.42,-243.9942928814,-15905695.42,-243.9942928814,,,,,,,,,,,,,,,,,,,,,-15905695.42,-243.9942928814,,,-15106815.36,-914.952376236,,,,,,,,,,,-798880.06,74.5206281299,,,,,,,,,534730850.75,8556.3137722829,532982943.43,8088.4249294586,1747907.32,627.0664066214,,,,,,,,,,,
600282.SH,600282,南钢股份,10002480,通用,2016-12-31 00:00:00,年报,2016年报,058001001,2017-03-01 00:00:00,2018-02-13 00:00:00,CNY,24173859122.53,8.637335598,24173859122.53,8.637335598,,,,,,,,,,,24019448321.31,-1.1055487722,21713708871.64,0.513767607,,,,,,,,,,,,,,,,,,,174238309.52,95.0011343538,425443365.9,-17.2497968114,872610592.24,-12.9076216558,,,689921699.25,-2.7164394493,,,,,143525482.76,-61.276022475,,,0.0,,121420758.59,523.6689537342,123281087.24,329.2500206167,5061949.98,158.7224751498,,,-89607154.52,37.8588139062,,,,,,,,,,,0,,309505492.53,113.6785356039,157729076.45,-16.3588036118,153627.77,-94.1271344342,15564808.69,7.4757114854,11715069.72,54.3909768003,,,0,,451669760.29,121.6253424739,96784805.31,-71.8579276806,,,,,,,354884954.98,114.5891404042,,,354884954.98,,,,353735196.04,114.5424857703,1149758.94,1224.2983054348,147944593.04,106.0002072765,,,,,0.0893,114.2288081581,0.0893,114.2288081581,104605700.21,1009.400749456,104605700.21,1009.400749456,,,,,,,,,,,,,,,,,,,,,104605700.21,1009.400749456,,,103833250.84,783.406515501,,,,,,,,,,,772449.37,-79.0708146723,,,,,,,,,459490655.19,118.8005255289,458340896.25,118.7542667045,1149758.94,1224.2983054348,,,,,,,,,,,标准无保留意见
600282.SH,600282,南钢股份,10002480,通用,2016-09-30 00:00:00,三季报,2016三季报,058001001,2016-10-29 00:00:00,2017-10-28 00:00:00,CNY,17678508751.49,2.0436666261,17678508751.49,2.0436666261,,,,,,,,,,,17532977746.44,-2.1735405678,15856797476.06,-1.4155879525,,,,,,,,,,,,,,,,,,,131720123.48,82.0442900174,331685983.08,-18.8194020268,638448691.53,-12.0142722164,,,531052607.28,-0.8070284628,,,,,43272865.01,-54.9751828251,,,,,16856735.14,124.6207688949,61874003.57,554.3337489781,-372801.04,93.3821872705,,,-58051874.18,17.8283158747,,,,,,,,,,,0,,166209869.58,122.1374733409,128786309.87,-2.4253569467,121029.52,-98.1373895653,14663776.05,45.4380995016,6780883.95,210.9290121326,,,0,,280332403.4,144.5748394807,53008433.29,134.2558514354,,,,,,,227323970.11,147.942453717,,,,,,,227620660.1,147.9900441856,-296689.99,-300.4387574756,160919267.29,134.101602831,,,,,0.0574,146.8954248366,0.0574,146.8954248366,19751166.96,146.2753955161,19751166.96,146.2753955161,,,,,,,,,,,,,,,,,,,,,19751166.96,146.2753955161,,,20729311.12,148.2195182102,,,,,,,,,,,-978144.16,-417.9181652338,,,,,,,,,247075137.07,147.8047848602,247371827.06,147.8484857582,-296689.99,-300.4387574756,,,,,,,,,,,
600282.SH,600282,南钢股份,10002480,通用,2016-06-30 00:00:00,中报,2016中报,058001001,2016-07-30 00:00:00,2017-08-18 00:00:00,CNY,10875290726.74,-8.3588783483,10875290726.74,-8.3588783483,,,,,,,,,,,10715255977.24,-9.9018139266,9668359697.16,-9.4229570823,,,,,,,,,,,,,,,,,,,62894987.95,73.5585949854,207135873.33,-21.3179754113,392383598.73,-12.9992609449,,,343270468.95,-13.6880973601,,,,,41211351.12,-41.515528711,,,,,-29710474.42,-289.5022022799,11801090.61,157.9456187024,-3476176.58,4.3106340315,,,-44818314.59,-941.5064625264,,,,,,,,,,,0,,97307051.1,301.5789735454,104974079.73,-6.9924800652,34430.4,-99.4443519047,16014208.99,113.0510452161,6071733.7,158.0097634123,,,0,,186266921.84,226.3420777545,41103806.65,85.6200159683,,,,,,,145163115.19,315.5455564343,,,,,,,145557073.2,317.8176431767,-393958.01,-511.7605171344,141089036.92,1033.4897624689,,,,,0.0367,307.7777777778,0.0367,307.7777777778,-5905615.03,30.6279509454,-5905615.03,30.6279509454,,,,,,,,,,,,,,,,,,,,,-5905615.03,30.6279509454,,,-4816194.45,43.3906255294,,,,,,,,,,,-1089420.58,-20882.7172240316,,,,,,,,,139257500.16,427.0876151533,139651458.17,430.4998615288,-393958.01,-511.7605171344,,,,,,,,,,,
600282.SH,600282,南钢股份,10002480,通用,2016-03-31 00:00:00,一季报,2016一季报,058001001,2016-04-30 00:00:00,2017-04-15 00:00:00,CNY,4800932959.98,-23.2654266675,4800932959.98,-23.2654266675,,,,,,,,,,,4820141287.04,-22.2330603731,4255939644.9,-24.1445736313,,,,,,,,,,,,,,,,,,,27054690.71,55.0682858067,109556772.61,-8.4159527378,201784860.95,-5.1121728964,,,180515967.49,-15.3640065456,,,,,45289350.38,84.2369990115,,,,,-54486274.74,-217.3527413517,4074103.15,137.5048519523,-3262335.54,-1059.3859302909,,,1958602.41,3.8344345914,,,,,,,,,,,0,,-67661896.24,-310.0583631333,82243922.98,6.792224168,31830.0,-99.3758823529,5799895.07,-30.2304723706,4430118.26,-37.0782333235,,,0,,8782131.67,-91.2971590221,-2019044.32,-107.7205026391,,,,,,,10801175.99,-85.5520770314,,,,,,,11132805.42,-85.0781582217,-331629.43,-318.2919747562,29421556.66,-65.5317005204,,,,,0.0028,-85.4166666667,0.0028,-85.4166666667,-4623825.38,-3874.1855383862,-4623825.38,-3874.1855383862,,,,,,,,,,,,,,,,,,,,,-4623825.38,-3874.1855383862,,,-1488426.03,,,,,,,,,,,,-3135399.35,-2594.8809113193,,,,,,,,,6177350.6,-91.7241418907,6508980.03,-91.2620704294,-331629.43,-318.2919747562,,,,,,,,,,,
600282.SH,600282,南钢股份,10002480,通用,2015-12-31 00:00:00,年报,2015年报,058001001,2016-04-16 00:00:00,2017-03-01 00:00:00,CNY,22251888809.18,-20.2025994479,22251888809.18,-20.2025994479,,,,,,,,,,,24287963604.74,-12.4086252534,21602721088.46,-14.5022721336,,,,,,,,,,,,,,,,,,,89352459.46,-8.8744049609,514129693.35,4.6708245095,1001936804.15,11.0424088164,,,709186316.11,-17.8259567944,,,,,370637243.21,245.9627254448,,,,,-28659347.71,91.6082216118,-53775823.84,-111.2923548938,-8620123.67,-186.4576258384,,,-144199298.65,-167.7554731837,,,,,,,,,,,0,,-2262709265.76,-1052.2892905298,188578216.55,27.7997825175,2615891.14,-75.3938836082,14482163.9,45.433992169,7587923.83,662.7944374115,,,0,,-2088613213.11,-656.6562675095,343914990.38,314.7091829613,,,,,,,-2432528203.49,-932.2658344459,,,,,,,-2432425938.91,-933.2303828272,-102264.58,-129.1672545633,-2465658038.49,-2241.9951041842,,,,,-0.6276,-933.4661354582,-0.6276,-933.4661354582,-11502706.62,-102921.900917313,-11502706.62,-102921.900917313,,,,,,,,,,,,,,,,,,,,,-11502706.62,-102921.900917313,,,-15193482.72,,,,,,,,,,,,3690776.1,32891.592935384,,,,,,,,,-2444030910.11,-936.1693688581,-2443928645.53,-937.1385683746,-102264.58,-129.1672545633,,,,,,,,,,,标准无保留意见
600282.SH,600282,南钢股份,10002480,通用,2015-09-30 00:00:00,三季报,2015三季报,058001001,2015-10-31 00:00:00,2016-10-29 00:00:00,CNY,17324454653.58,-15.8492713673,17324454653.58,-15.8492713673,,,,,,,,,,,17922531233.57,-12.4448394258,16084487543.95,-13.4037584272,,,,,,,,,,,,,,,,,,,72356086.24,28.8330299344,408577900.83,13.3022527296,725627562.12,2.9694190271,,,535373221.56,-22.8896399635,,,,,96108918.87,19.9820317727,,,,,-68465510.61,6.7851873095,-13618623.69,-111.5491340305,-5633296.91,-169.511497341,,,-70647054.15,-0.5283754529,,,,,,,,,,,0,,-750807768.44,-919.5281640674,131987477.32,12.5483539426,6497843.98,80.1417196572,10082486.02,37.7281357548,2180846.33,3340.3351321302,,,0,,-628902777.14,-412.0085720101,-154742711.3,-12332.5375564077,,,,,,,-474160065.84,-333.7946060002,,,,,,,-474308086.11,-334.3386571608,148020.27,-63.6928396288,-471881829.39,-539.752161252,,,,,-0.1224,-335.3846153846,-0.1224,-335.3846153846,-42681789.62,-37857.2443851944,-42681789.62,-37857.2443851944,,,,,,,,,,,,,,,,,,,,,-42681789.62,-37857.2443851944,,,-42989461.3,,,,,,,,,,,,307671.68,172.1730957298,,,,,,,,,-516841855.46,-354.697797617,-516989875.73,-355.2836257421,148020.27,-63.6928396288,,,,,,,,,,,
600282.SH,600282,南钢股份,10002480,通用,2015-06-30 00:00:00,中报,2015中报,058001001,2015-08-25 00:00:00,2016-07-30 00:00:00,CNY,11867260603.9,-10.8727900692,11867260603.9,-10.8727900692,,,,,,,,,,,11892865377.46,-10.3376915064,10674183419.68,-11.5674731353,,,,,,,,,,,,,,,,,,,36238474.94,1.6416278466,263256918.48,28.1470899013,451011799.43,7.6329369692,,,397709305.96,-17.0907503914,,,,,70465458.97,30.9038262515,,,,,-7627806.53,86.7321349107,-20365803.1,-123.6260929891,-3632772.09,-149.7406038661,,,5325962.02,106.9333261121,,,,,,,,,,,0,,-48272421.17,-1824.7986609373,112866228.24,13.7213239962,6196439.85,210.7504262096,7516606.63,66.0011068924,2353296.1,3837.2852479467,,,0,,57077200.44,-41.4705430937,22144059.43,214.86600094,,,,,,,34933141.01,-70.0907018627,,,,,,,34837464.52,-70.122349518,95676.49,-51.312508829,12447314.62,-73.4510251428,,,,,0.009,-70.0,0.009,-70.0,-8512960.35,-4114.4263252903,-8512960.35,-4114.4263252903,,,,,,,,,,,,,,,,,,,,,-8512960.35,-4114.4263252903,,,-8507768.36,,,,,,,,,,,,-5191.99,-102.4483681915,,,,,,,,,26420180.66,-77.4203831733,26324504.17,-77.4643039618,95676.49,-51.312508829,,,,,,,,,,,
600282.SH,600282,南钢股份,10002480,通用,2015-03-31 00:00:00,一季报,2015一季报,058001001,2015-04-29 00:00:00,2016-04-30 00:00:00,CNY,6256544803.05,-3.5348149957,6256544803.05,-3.5348149957,,,,,,,,,,,6198188214.9,-3.8598823175,5610593531.19,-3.714201719,,,,,,,,,,,,,,,,,,,17446952.85,0.9486961573,119624296.9,20.6308617155,212656214.3,10.6095685071,,,213285104.98,-23.7557634784,,,,,24582114.68,-22.132291901,,,,,-17168994.51,43.1736893395,-10862869.57,-644.6900769514,340044.13,-82.6116514879,,,1886274.45,104.5578556688,,,,,,,,,,,0,,32210998.52,204.4655259121,77013025.64,45.6521414314,5100000.0,,8312934.41,246.3527703086,7040676.85,,,,0,,100911089.75,413.7935270123,26151721.13,766.0273128892,,,,,,,74759368.62,349.7977454361,,,,,,,74607448.5,349.9323805577,151920.12,292.1675993719,85358306.34,301.3521982778,,,,,0.0192,346.511627907,0.0192,346.511627907,-116346.49,-26.1126402497,-116346.49,-26.1126402497,,,,,,,,,,,,,,,,,,,,,-116346.49,-26.1126402497,,,,,,,,,,,,,,,-116346.49,-26.1126402497,,,,,,,,,74643022.13,351.6044468229,74491102.01,351.7440796148,151920.12,292.1675993719,,,,,,,,,,,
600282.SH,600282,南钢股份,10002480,通用,2014-12-31 00:00:00,年报,2014年报,058001001,2015-01-31 00:00:00,2016-04-16 00:00:00,CNY,27885480799.14,3.9629664055,27885480799.14,3.9629664055,,,,,,,,,,,27728716069.36,-1.3529496954,25267011916.65,-0.5655313839,,,,,,,,,,,,,,,,,,,98054184.91,14.5054028462,491187201.17,34.1846520937,902301035.1,2.5106634923,,,863029599.67,0.8016025228,,,,,107132131.86,-79.0037764735,,,,,-341516975.12,-327.5786535117,476214433.09,117.116014479,9970345.11,-26.8819375167,,,-53854846.34,-146.8819229484,,,,,,,,,,,0,,237607341.41,123.0202669279,147557541.05,24.3005972953,10631060.58,-66.5666246041,9957894.77,-16.4151203999,994753.43,138.5116897899,,,0,,375206987.69,140.5467360569,82929195.81,127.0314517411,,,,,,,292277791.88,147.2496932425,,,,,,,291927177.53,147.2030133835,350614.35,367.5342198583,115110348.93,122.2588691717,,,,,0.0753,147.1804511278,0.0753,147.1804511278,11187.02,100.4968020077,11187.02,100.4968020077,,,,,,,,,,,,,,,,,,,,,11187.02,100.4968020077,,,,,,,,,,,,,,,11187.02,100.4968020077,,,,,,,,,292288978.9,147.0801171436,291938364.55,147.0335708275,350614.35,367.5342198583,,,,,,,,,,,标准无保留意见
600282.SH,600282,南钢股份,10002480,通用,2014-09-30 00:00:00,三季报,2014三季报,058001001,2014-10-28 00:00:00,2015-10-31 00:00:00,CNY,20587408968.5,-1.6917032465,20587408968.5,-1.6917032465,,,,,,,,,,,20469988423.34,-5.1055562782,18574117365.62,-4.8817277935,,,,,,,,,,,,,,,,,,,56162683.03,-12.4426402946,360608806.08,43.3154988615,704702006.65,18.0615142655,,,694294802.03,0.9227284511,,,,,80102759.93,-81.931552402,,,,,-73449174.69,-132.5453280012,117919002.88,-44.1882225536,8104122.52,13.0651174636,,,-70275734.42,-189.4298136518,,,,,,,,,,,0,,91614638.93,180.2932810999,117271797.14,72.8449191839,3607073.36,,7320571.04,-17.1379333015,63390.52,-79.5361421564,,,0,,201565865.03,465.9068077894,-1244659.11,97.3121105865,,,,,,,202810524.14,2409.7886727746,,,,,,,202402835.22,2388.6249574154,407688.92,543.2204114514,107306312.73,222.2526834973,,,,,0.052,2360.8695652174,0.052,2360.8695652174,113042.65,108.374841502,113042.65,,,,,,,,,,,,,,,,,,,,,,113042.65,,,,,,,,,,,,,,,,113042.65,,,,,,,,,,202923566.79,2103.1411171449,202515877.87,2086.6864680974,407688.92,543.2204114514,,,,,,,,,,,
600282.SH,600282,南钢股份,10002480,通用,2014-06-30 00:00:00,中报,2014中报,058001001,2014-08-12 00:00:00,2015-08-25 00:00:00,CNY,13314969259.24,-8.2779359141,13314969259.24,-8.2779359141,,,,,,,,,,,13264063325.24,-11.2064377799,12070426796.7,-9.7962518828,,,,,,,,,,,,,,,,,,,35653182.37,-10.4585804294,205433395.86,21.5625409368,419027680.68,-4.3365103065,,,479692323.64,8.557606132,,,,,53829945.99,-88.5000159673,,,,,-57490835.78,-143.8894558746,86200469.58,81.2326281168,7303433.83,77.6471492994,,,-76816839.91,-218.1827137301,,,,,,,,,,,0,,2798727.89,101.5732803031,99248077.91,64.1332964556,1994024.57,,4528046.09,-24.8915868864,59769.51,-80.7050840406,,,0,,97518759.71,178.9932922011,-19278166.95,67.3448963256,,,,,,,116796926.66,281.3159176199,,,,,,,116600415.22,280.9007875193,196511.44,401.3985782032,46884351.23,-38.4883579883,,,,,0.03,276.4705882353,0.03,276.4705882353,212059.2,128.0962123616,212059.2,,,,,,,,,,,,,,,,,,,,,,212059.2,,,,,,,,,,,,,,,,212059.2,,,,,,,,,,117008985.86,279.5414443412,116812474.42,279.1321855645,196511.44,401.3985782032,,,,,,,,,,,
600282.SH,600282,南钢股份,10002480,通用,2014-03-31 00:00:00,一季报,2014一季报,058001001,2014-04-29 00:00:00,2015-04-29 00:00:00,CNY,6485806047.82,-12.6367352199,6485806047.82,-12.6367352199,,,,,,,,,,,6447036226.2,-16.9980811517,5827020839.37,-13.6648102037,,,,,,,,,,,,,,,,,,,17282989.79,-18.1924779733,99165582.67,-8.5463081006,192258424.99,-11.472650431,,,279739315.01,27.0329711293,,,,,31569074.37,-93.0016185581,,,,,-30213107.82,-109.2180144305,1994321.18,588.054604659,1955586.12,3147.1312928974,,,-41385129.04,-518.3340645287,,,,,,,,,,,0,,-30834094.06,-466.9475763761,52874626.41,48.1258834574,,,2400135.1,95.1065035799,,,,,0,,19640397.25,-32.3373860876,3019733.99,-60.522812252,,,,,,,16620663.26,-22.252121866,,,,,,,16581924.69,-22.3624683144,38738.57,98.5310517307,21267681.28,-50.6303072388,,,,,0.0043,-21.8181818182,0.0043,-21.8181818182,-92256.01,-311.6699144452,-92256.01,,,,,,,,,,,,,,,,,,,,,,-92256.01,,,,,,,,,,,,,,,,-92256.01,,,,,,,,,,16528407.25,-22.6025397988,16489668.68,-22.7133226257,38738.57,98.5310517307,,,,,,,,,,,
600282.SH,600282,南钢股份,10002480,通用,2013-12-31 00:00:00,年报,2013年报,058001001,2014-04-29 00:00:00,2015-01-31 00:00:00,CNY,26822513596.21,-16.2635182107,26822513596.21,-16.2635182107,,,,,,,,,,,28109016928.28,-15.8462647846,25410717498.98,-17.5387188348,,,,,,,,,,,,,,,,,,,85632802.01,-33.5980217569,366053191.26,-12.9507730958,880202121.77,4.1635494191,,,856166547.03,-10.5410845314,,,,,510244767.23,117.0253349797,,,,,-79872316.43,-121.9290369675,219336392.22,150.6351300763,13635953.65,2.7060858905,,,114873373.26,824.6872916964,,,,,,,,,,,0,,-1032165883.02,-10.5055534238,118710242.96,10.9192060409,31797748.37,,11913512.13,-60.5753096657,417066.95,-93.1269222144,,,0,,-925369152.19,-7.948234678,-306787798.91,-7.0545349,,,,,,,-618581353.28,-8.3970267851,,,,,,,-618450299.26,-8.4490827247,-131054.02,66.8019238841,-517143741.86,50.735233001,,,,,-0.1596,-8.4976206662,-0.1596,-8.4976206662,-2251806.52,-573.643581233,-2251806.52,,,,,,,,,,,,,,,,,,,,,,-2251806.52,,,,,,,,,,,,,,,,-2251806.52,,,,,,,,,,-620833159.8,-8.7279330937,-620702105.78,-8.7801874711,-131054.02,66.8019238841,,,,,,,,,,,标准无保留意见
600282.SH,600282,南钢股份,10002480,通用,2013-09-30 00:00:00,三季报,2013三季报,058001001,2013-10-31 00:00:00,2014-10-28 00:00:00,CNY,20941680049.77,-16.4605133014,20941680049.77,-16.4605133014,,,,,,,,,,,21571324537.55,-16.6023090183,19527391461.97,-18.4421746635,,,,,,,,,,,,,,,,,,,64143874.62,-30.2736667358,251618847.19,-21.9538144878,596893925.2,5.4040742626,,,687946920.07,0.5282515167,,,,,443329508.5,72.1014239346,,,,,225682699.18,814.8425338594,211279784.08,99.0058098695,7167659.4,-13.4859623555,,,78581998.05,322.3590906161,,,,,,,,,,,0,,-114100006.47,84.9542806008,67847986.33,48.8866869561,,,8834646.94,22.0989505474,309768.18,28.8687980461,,,0,,-55086667.08,92.3492939911,-46306187.44,80.6037270692,,,,,,,-8780479.64,98.1756104129,,,,,,,-8843862.1,98.1627237935,63382.46,-14.4579947427,-87774198.21,84.3189620133,,,,,-0.0023,98.1451612903,-0.0023,98.1451612903,-1349788.53,-2748.5558105762,,,,,,,,,,,,,,,,,,,,,,,,,,,,,,,,,,,,,,,,,,,,,,,,,-10130268.16,97.8949312877,-10193650.64,97.882086509,63382.46,-14.4579947427,,,,,,,,,,,
600282.SH,600282,南钢股份,10002480,通用,2013-06-30 00:00:00,中报,2013中报,058001001,2013-08-24 00:00:00,2014-08-12 00:00:00,CNY,14516648084.55,-18.7554635037,14516648084.55,-18.7554635037,,,,,,,,,,,14938091223.73,-16.4654789057,13381291851.66,-20.1625979673,,,,,,,,,,,,,,,,,,,39817530.86,-33.2402356014,168993996.24,-16.8478542903,438022574.78,24.1929338235,,,441878133.4,1.9554760143,,,,,468087136.79,542.2705735595,,,,,130990085.51,396.1289938708,47563438.48,19.05412588,4111202.38,-37.8021051609,,,64998372.0,391.196432402,,,,,,,,,,,0,,-177891243.19,-706.2853611979,60467973.32,86.7239071154,,,6028680.28,32.6811427981,309768.18,155.7947888968,,,0,,-123451950.15,-315.8965549074,-59035693.6,-80.9351022315,,,,,,,-64416256.55,-171.7257011824,,,,,,,-64455449.21,-171.8572809651,39192.66,-64.3410038796,76220288.87,216.6953297083,,,,,-0.017,-173.9130434783,-0.017,-189.4736842105,-754760.81,-671.657643079,,,,,,,,,,,,,,,,,,,,,,,,,,,,,,,,,,,,,,,,,,,,,,,,,-65171017.36,-172.6452234764,-65210210.02,-172.7780748254,39192.66,-64.3410038796,,,,,,,,,,,
600282.SH,600282,南钢股份,10002480,通用,2013-03-31 00:00:00,一季报,2013一季报,058001001,2013-04-27 00:00:00,2014-04-29 00:00:00,CNY,7423951089.91,-18.2968236733,7423951089.91,-18.2968236733,,,,,,,,,,,7767333955.23,-14.252673625,6749299854.58,-20.5335803427,,,,,,,,,,,,,,,,,,,21126406.67,-30.5349558951,108432563.64,10.818031534,217174043.87,45.0953152616,,,220210007.31,12.4655734986,,,,,451091079.16,393.6128225588,,,,,327761559.15,365.8178704021,289849.26,103.3100482918,60225.04,-97.825803774,,,9892842.24,455.9121595071,,,,,,,,,,,0,,-5438614.67,-106.2571270846,35695737.42,42.9485217494,,,1230166.63,-41.6633792348,30753.4,867.0880503145,,,0,,29026956.12,-73.5592225517,7649313.85,-66.1306957979,,,,,,,21377642.27,-75.4832940658,,,,,,,21358129.67,-75.4757105051,19512.6,-81.683086016,43078415.3,421.6962916248,,,,,0.0055,-75.5555555556,0.0055,-75.5555555556,-22410.19,-36.3433877364,,,,,,,,,,,,,,,,,,,,,,,,,,,,,,,,,,,,,,,,,,,,,,,,,21355232.08,-75.5043774868,21335719.48,-75.4968182886,19512.6,-81.683086016,,,,,,,,,,,
600282.SH,600282,南钢股份,10002480,通用,2012-12-31 00:00:00,年报,2012年报,058001001,2013-04-27 00:00:00,2014-04-29 00:00:00,CNY,32032052246.61,-16.9404204704,32032052246.61,-16.9404204704,,,,,,,,,,,33401983710.34,-13.5103355049,30815331922.95,-14.9759655624,,,,,,,,,,,,,,,,,,,128961221.15,24.8582069178,420512857.24,5.5904618801,845019324.59,1.5280910057,,,957049996.13,17.663805277,,,,,235108388.28,2.5205130591,,,,,364230844.01,309.6964664055,87512230.29,442.0606739804,13276675.41,293.7123157549,,,-15851440.28,-106.102136897,,,,,,,,,,,0,,-934039829.71,-447.7258369379,107024064.81,151.1075740606,,,30218403.82,25.4818418091,6068124.98,1069.825241579,,,0,,-857234168.72,-398.5289464096,-286571511.61,-565.0089884354,,,,,,,-570662657.11,-272.7994429017,,,,,,,-570267893.21,-272.8455261091,-394763.9,-224.7517377724,-1049723308.08,-460.1119419682,,,,,-0.1471,-272.8554641598,-0.1471,-275.3277711561,-334272.69,89.9013829508,,,,,,,,,,,,,,,,,,,,,,,,,,,,,,,,,,,,,,,,,,,,,,,,,-570996929.8,-274.6512080773,-570602165.9,-274.699552362,-394763.9,-224.7517377724,,,,,,,,,,,标准无保留意见
600282.SH,600282,南钢股份,10002480,通用,2012-09-30 00:00:00,三季报,2012三季报,058001001,2012-10-31 00:00:00,2013-10-31 00:00:00,CNY,25068001824.47,-16.5489812352,25068001824.47,-16.5489812352,,,,,,,,,,,25865613644.26,-12.1805772697,23943001645.03,-13.6483798769,,,,,,,,,,,,,,,,,,,91993758.48,9.603875917,322397367.07,4.5987700476,566291131.89,-10.4253601097,,,684331926.29,9.4355721724,,,,,257597815.5,238.2192988552,,,,,-31570966.82,-401.6651044549,106167646.17,1496.2872936703,8284966.92,-69.0315848684,,,-35340132.86,-116.5512870543,,,,,,,,,,,0,,-758355273.3,-194.5132423746,45570217.0,0.6315022007,,,7235645.27,-28.1878780142,240374.85,-45.5904947605,,,0,,-720020701.57,-185.9635514254,-238737553.37,-335.6799442935,,,,,,,-481283148.2,-165.3658872865,,,,,,,-481357243.33,-165.4127173097,74095.13,-82.0961114427,-559747373.13,-177.1979618245,,,,,-0.124,-165.2631578947,-0.124,-165.2631578947,50963.19,108.2404345555,,,,,,,,,,,,,,,,,,,,,,,,,,,,,,,,,,,,,,,,,,,,,,,,,-481232185.01,-165.4139105414,-481306280.14,-165.4608069855,74095.13,-82.0961114427,,,,,,,,,,,
600282.SH,600282,南钢股份,10002480,通用,2012-06-30 00:00:00,中报,2012中报,058001001,2012-08-27 00:00:00,2013-08-24 00:00:00,CNY,17867845286.08,-6.806251521,17867845286.08,-6.806251521,,,,,,,,,,,17882536498.74,-4.307679822,16760680471.77,-4.5275821238,,,,,,,,,,,,,,,,,,,59643006.86,3.8085423963,203234678.79,-1.2155250805,352695247.06,-12.5529829919,,,433403040.89,7.2105447097,,,,,72880053.37,18.9961664508,,,,,26402425.0,49.8443534002,39951104.7,61.5995498559,6609873.84,-59.39369384,,,-22321142.97,-121.8633499625,,,,,,,,,,,0,,29341174.07,-95.3404092277,32383626.85,-21.4560677971,,,4543735.57,-38.2182390302,121100.27,-67.8200346225,,,0,,57181065.35,-91.3828092966,-32628104.15,-142.3372555567,,,,,,,89809169.5,-84.6873356021,,,,,,,89699259.9,-84.6962682889,109909.6,-70.7571016854,24067386.45,-95.5102523626,,,,,0.023,-84.7682119205,0.019,-87.417218543,-97810.32,91.1782320499,,,,,,,,,,,,,,,,,,,,,,,,,,,,,,,,,,,,,,,,,,,,,,,,,89711359.18,-84.6750418175,89601449.58,-84.6839835354,109909.6,-70.7571016854,,,0.0,,,,0.0,,,,
600282.SH,600282,南钢股份,10002480,通用,2012-03-31 00:00:00,一季报,2012一季报,058001001,2012-04-25 00:00:00,2013-04-27 00:00:00,CNY,9086490175.39,-3.0367931724,9086490175.39,-3.0367931724,,,,,,,,,,,9058397834.19,-0.9073225248,8493272861.27,-1.2729458773,,,,,,,,,,,,,,,,,,,30413004.04,-4.9880533997,97847400.95,5.0629728936,149676813.12,-25.6204977833,,,195802146.79,-1.9790403746,,,,,91385608.02,635.4090629787,,,,,70362598.77,320.7951669214,-8756647.47,-241.0240820636,2769991.01,-37.6617405149,,,-2779574.11,-107.6220886698,,,,,,,,,,,0,,86918718.39,-68.9965627087,24971043.41,-12.7772000323,,,2108738.24,-35.8673910964,3180.0,-99.154978846,,,0,,109781023.56,-64.0877976594,22584797.74,-34.6185281183,,,,,,,87196225.82,-67.8420352253,,,,,,,87089698.05,-67.8623196226,106527.77,-33.5576254808,8257374.25999999,-96.55470768,,,,,0.0225,-67.8111587983,0.0225,-67.8111587983,-16436.58,,,,,,,,,,,,,,,,,,,,,,,,,,,,,,,,,,,,,,,,,,,,,,,,,,87179789.24,-67.8480970353,87073261.47,-67.8683850192,106527.77,-33.5576254808,,,,,,,,,,,
600282.SH,600282,南钢股份,10002480,通用,2011-12-31 00:00:00,年报,2011年报,058001001,2012-03-27 00:00:00,2013-04-27 00:00:00,CNY,38565150977.21,28.3152889178,38565150977.21,28.3152889178,,,,,,,,,,,38619624559.0,32.7540810067,36243083648.96,33.0185794255,,,,,,,,,,,,,,,,,,,103286139.0,21.5909614298,398248904.07,35.5796493281,832301007.75,8.4216331849,,,813376716.72,30.5438261564,,,,,229328142.5,205.5047207914,,,,,88902608.12,304.1343199312,-25583832.62,-294.6194651919,3372176.81,-11.4545925331,,,259768676.9,109.6787477954,,,,,,,,,,,,,268613870.61,-74.596152245,42620803.14,-33.0669393066,,,24081893.75,-39.4203821084,518720.64,-98.3905282621,,,,,287152780.0,-73.4437217906,-43092877.93,-126.3923334214,,,,,,,330245657.93,-64.026351196,,,,,,,329929218.33,-64.0875225372,316439.6,146.3603293615,291499166.16,-25.8389474659,,,,,0.0851,-64.0928270042,0.0839,-64.5991561181,-3310083.83,-81.7450640018,,,,,,,,,,,,,,,,,,,,,,,,,,,,,,,,,,,,,,,,,,,,,,,,,326935574.1,-64.3161246336,326619134.5,-64.3772017649,316439.6,146.3603293615,,,0,,,,0,,,,标准无保留意见
600282.SH,600282,南钢股份,10002480,通用,2011-09-30 00:00:00,三季报,2011三季报,058001001,2011-10-27 00:00:00,2012-10-31 00:00:00,CNY,30039180102.92,37.9283117979,30039180102.92,37.9283117979,,,,,,,,,,,29453181130.21,39.7480853441,27727333443.08,40.6116182414,,,,,,,,,,,,,,,,,,,83932942.8,19.5293399091,308222904.46,41.8679532541,632200288.59,15.1781098521,,,625328595.36,34.119941339,,,,,76162955.92,40.5118276098,,,,,10465568.06,159.7949969785,-7603567.45,-188.7855212937,26752957.44,867.0735788944,,,213518941.12,292.9889732598,,,,,,,,,,,,,802379914.44,7.2243474328,45284245.99,3.1433309183,,,10075799.28,-69.8747502603,441788.34,-98.3308067663,,,,,837588361.15,10.3866884903,101297356.5,-25.3267969009,,,,,,,736291004.65,18.1615421499,,,,,,,735877155.28,18.0755046945,413849.37,499.6545978552,725080507.18,16.5956120337,,,,,0.19,18.0124223602,0.19,18.0124223602,-618452.7,-36.0627443968,,,,,,,,,,,,,,,,,,,,,,,,,,,,,,,,,,,,,,,,,,,,,,,,,735672551.95,18.1484746343,735258702.58,18.0623765565,413849.37,499.6545978552,,,0,,,,0,,,,
600282.SH,600282,南钢股份,10002480,通用,2011-06-30 00:00:00,中报,2011中报,058001001,2011-08-19 00:00:00,2012-08-27 00:00:00,CNY,19172793859.78,35.1551852435,19172793859.78,35.1551852435,,,,,,,,,,,18687535703.46,37.2265884072,17555521107.15,38.9855920393,,,,,,,,,,,,,,,,,,,57454815.84,6.4009205597,205735444.72,40.1743197054,403324503.37,10.1002083883,,,404254117.04,30.0233693757,,,,,61245715.34,-43.7234453559,,,,,17619899.85,73.2456715675,24722287.12,163.4497124356,16277949.08,1484.3234644636,,,102093883.18,369.1557742327,,,,,,,,,,,,,629694226.47,3.387089892,41229953.66,11.6741804253,,,7354493.46,-62.3759194436,376321.94,-97.6406858789,,,,,663569686.67,5.9275644093,77067121.43,-33.5848013964,,,,,,,586502565.24,14.9106393106,,,,,,,586126714.67,14.7959359152,375850.57,305.8554715491,536052099.0,11.4800298318,,,,,0.151,14.3939393939,0.151,155.9322033898,-1108738.3,-173.2711207655,,,,,,,,,,,,,,,,,,,,,,,,,,,,,,,,,,,,,,,,,,,,,,,,,585393826.93,14.784654605,585017976.36,14.6699050762,375850.57,305.8554715491,,,0,,,,0,,,,
600282.SH,600282,南钢股份,10002480,通用,2011-03-31 00:00:00,一季报,2011一季报,058001001,2011-04-27 00:00:00,2012-04-25 00:00:00,CNY,9371070195.26,39.0078721864,9371070195.26,39.0078721864,,,,,,,,,,,9141339264.4,41.9619560411,8602781615.17,44.3826578381,,,,,,,,,,,,,,,,,,,32009663.13,58.4280578028,93132145.66,33.315944294,201233953.79,10.9632773027,,,199755386.54,32.0411899393,,,,,12426500.11,-78.6743570984,,,,,16721341.95,94.7071476156,-2567750.47,-175.026447932,4443484.68,52.0303829431,,,36467354.69,3402.8571527096,,,,,,,,,,,0.0,,280351877.03,-11.0442372317,28629032.11,41.5581512668,,,3288090.53,-80.2477962042,376321.94,-96.7094644204,,,0.0,,305692818.61,-4.0922412277,34543116.1,-51.2476121477,,,,,,,271149702.51,9.3865723667,,,,,,,270989371.44,9.2439893807,160331.07,190.7022677905,239671223.6,-2.214512265,,,,,0.0699,9.21875,0.0699,9.21875,,,,,,,,,,,,,,,,,,,,,,,,,,,,,,,,,,,,,,,,,,,,,,,,,,,271149702.51,9.3865723667,270989371.44,9.2439893807,160331.07,190.7022677905,,,0,,,,0,,,,
600282.SH,600282,南钢股份,10002480,通用,2010-12-31 00:00:00,年报,2010年报,058001001,2011-03-16 00:00:00,2012-03-27 00:00:00,CNY,30054992902.6,22.9139154642,30054992902.6,22.9139154642,,,,,,,,,,,29091101581.32,21.9973941349,27246632617.41,23.3315670139,,,,,,,,,,,,,,,,,,,84945573.08,-23.6193553879,293737965.87,12.8453331521,767652158.8,4.8476423305,,,623067931.03,10.7888194822,,,,,75065335.13,-14.1393309571,,,,,-43551034.51,-1173.0848300544,13145567.22,273.8865610339,3808415.26,168.5252269217,,,123888891.76,78908.8530119262,,,,,,,,,,,,,1057374745.75,72.1762094608,63676758.09,14.8666026195,,,39752468.88,71.4098356768,32229248.13,799.4269431125,,,,,1081299034.96,67.2885760729,163278014.27,152.758030853,,,,,,,918021020.69,57.7982066574,,,,,,,918703586.16,58.0602068684,-682565.47,-228.1813257703,393062336.9,201.4142064975,,,,,0.237,58.0,0.237,188.6723507917,-1821278.53,-5026.1635571577,,,,,,,,,,,,,,,,,,,,,,,,,,,,,,,,,,,,,,,,,,,,,,,,,916199742.16,57.4751403592,916882307.63,57.7368279474,-682565.47,-228.1813257703,,,0,,,,0,,,,标准无保留意见
600282.SH,600282,南钢股份,10002480,通用,2010-09-30 00:00:00,三季报,2010三季报,058001001,2010-10-25 00:00:00,2011-10-27 00:00:00,CNY,21778835477.19,26.2544597404,21778835477.19,26.2544597404,,,,,,,,,,,21075910312.25,22.8344392209,19719091345.27,17.9936149338,,,,,,,,,,,,,,,,,,,70219531.76,28.2163038237,217260415.33,115.3963142813,548889271.93,222.97474174,,,466245801.42,384.2374579317,,,,,54203946.54,124.7417258151,,,,,-17502414.23,,8563972.3,1408.1532111105,2766382.83,,,,54332043.81,89595.1878435153,,,,,,,,,,,,,748318766.82,708.1164697345,43904191.95,106.2852789382,,,33446359.34,1612.2993257921,26467177.74,26305.9818770001,,,,,758776599.43,577.9009770621,135654227.08,4525.6818343486,,,,,,,623122372.35,471.6841306635,,,,,,,623225924.11,471.7791343105,-103551.76,,621876324.96,616.382985482,,,,,0.161,148.8408037094,0.161,148.8408037094,-454534.93,,,,,,,,,,,,,,,,,,,,,,,,,,,,,,,,,,,,,,,,,,,,,,,,,,622667837.42,471.2671172198,622771389.18,471.3621208668,-103551.76,,,,0,,,,0,,,,
600282.SH,600282,南钢股份,10002480,通用,2010-06-30 00:00:00,中报,2010中报,058001001,2010-08-23 00:00:00,2011-08-19 00:00:00,CNY,14185762703.25,27.8227154935,14185762703.25,27.8227154935,,,,,,,,,,,13618013768.59,23.2600245374,12631180577.47,17.2067821542,,,,,,,,,,,,,,,,,,,53998419.88,75.8038232379,146771138.36,106.2310181844,366324922.79,249.3954562301,,,310908815.07,368.7137030302,,,,,108829895.02,6518.4166248085,,,,,10170470.46,,9384063.05,,1027438.49,,,,21761190.8,,,,,,,,,,,,,,609064658.97,1123.0596418508,36919862.32,138.0677082189,,,19547304.15,465.6520996931,15950480.55,,,,,,626437217.14,912.8188144056,116038381.35,1745.7777765335,,,,,,,510398835.79,818.5754043131,,,,,,,510581415.62,818.9039970319,-182579.83,,480850336.88,842.3845043572,,,,,0.132,300.0,0.059,78.7878787879,-405728.31,,,,,,,,,,,,,,,,,,,,,,,,,,,,,,,,,,,,,,,,,,,,,,,,,,509993107.48,817.8452066318,510175687.31,818.1737993507,-182579.83,,,,0,,,,0,,,,
600282.SH,600282,南钢股份,10002480,通用,2010-03-31 00:00:00,一季报,2010一季报,058001001,2010-04-26 00:00:00,2011-04-27 00:00:00,CNY,6741395323.78,23.3953300312,6741395323.78,23.3953300312,,,,,,,,,,,6439288045.42,18.1751934787,5958320579.48,13.8181757465,,,,,,,,,,,,,,,,,,,20204541.78,81.9870855,69858220.0,113.399878255,181351847.82,230.5714611665,,,151282631.3,288.6061707724,,,,,58270225.04,-23.6897638616,,,,,8587944.59,,3422460.4,,2922760.96,,,,1041074.56,,,,,,,,,,,,,,315158757.91,2101.4170057283,20224220.12,240.3226250968,,,16646702.13,318.9337792786,11436495.09,,,,,,318736275.9,1857.2083388771,70854203.5,1711.0663854095,,,,,,,247882072.4,1903.4179812785,,,,,,,248058838.73,1904.8466317677,-176766.33,,245098970.36,2149.4081983616,,,,,0.064,814.2857142857,0.064,814.2857142857,,,,,,,,,,,,,,,,,,,,,,,,,,,,,,,,,,,,,,,,,,,,,,,,,,,247882072.4,1903.4179812785,248058838.73,1904.8466317677,-176766.33,,,,0,,,,0,,,,
600282.SH,600282,南钢股份,10002480,通用,2009-12-31 00:00:00,年报,2009年报,058001001,2011-03-16 00:00:00,2011-03-16 00:00:00,CNY,24452066951.97,-13.7626051561,24452066951.97,-13.7626051561,,,,,,,,,,,23845674563.46,-15.5596777604,22092180677.75,-18.4947862763,,,,,,,,,,,,,,,,,,,111213480.21,19.5125251608,260301385.68,50.5892210426,732159676.4,246.7726783622,,,562392427.27,152.0964836754,,,,,87426916.15,-79.8698574201,,,,,4058489.44,,3515923.97,17060.5673749865,1418270.94,,,,156803.81,-98.2330085828,,,,,,,,,,,,,614123605.73,396.9295568183,55435397.79,90.9507072741,,,23191474.82,160.2665644485,3583309.17,98.5325389666,,,,,646367528.7,349.7901815141,64598546.57,192.3522027275,,,,,,,581768982.13,378.3965941293,,,,,,,581236482.2,377.9587121508,532499.93,,130406042.06,27.8220826768,,,,,0.15,107.756232687,0.0821,17.2857142857,36971.54,,,,,,,,,,,,,,,,,,,,,,,,,,,,,,,,,,,,,,,,,,,,,,,,,,581805953.67,,581273453.74,,532499.93,,,,0,,,,0,,,,标准无保留意见
600282.SH,600282,南钢股份,10002480,通用,2009-09-30 00:00:00,三季报,2009三季报,058001001,2010-10-25 00:00:00,2010-10-25 00:00:00,CNY,17249953405.19,-25.5850065558,17249953405.19,-25.5850065558,,,,,,,,,,,17157981463.44,-23.2553555913,16711998658.86,-22.959167914,,,,,,,,,,,,,,,,,,,54766460.79,-37.1473024013,100865428.48,-20.7815434395,169948048.87,-3.9063228616,,,96284538.46,-39.6177369674,,,,,24118327.98,-78.8565247778,,,,,,,567844.98,2671.5451531331,,,,,60574.09,,,,,,,,,,,,,,92600360.82,-88.7557328638,21283240.46,14.3585260719,,,1953300.97,-63.2483584802,100231.75,,,,,,111930300.31,-86.624489089,2932632.03,-98.4594942195,,,,,,,108997668.28,-83.1393532117,,,,,,,108997668.28,-83.1393532117,,,86807802.19,-86.3080810159,,,,,0.0647,-83.1378681261,0.0647,-83.1378681261,,,,,,,,,,,,,,,,,,,,,,,,,,,,,,,,,,,,,,,,,,,,,,,,,,,108997668.28,,108997668.28,,,,,,0,,,,0,,,,
600282.SH,600282,南钢股份,10002480,通用,2009-06-30 00:00:00,中报,2009中报,058001001,2010-08-23 00:00:00,2010-08-23 00:00:00,CNY,11097998230.19,-25.582596061,11097998230.19,-25.582596061,,,,,,,,,,,11048199787.16,-22.4355878152,10776834194.5,-22.3987848973,,,,,,,,,,,,,,,,,,,30715156.75,-53.9653744142,71168313.89,-28.0360095279,104845359.68,-8.785464523,,,66332350.23,-35.3984202295,,,,,-1695587.89,93.6711289205,,,,,,,,,,,,,,,,,,,,,,,,,,,49798443.03,-92.5595455571,15508135.31,-13.8464766776,,,3455711.41,-10.6139457387,,,,,,,61850866.93,-90.9499015643,6286692.95,-95.9485929843,,,,,,,55564173.98,-89.481551826,,,,,,,55564173.98,-89.481551826,,,51024856.06,-90.0524578943,,,,,0.033,-89.4904458599,0.033,-89.4904458599,,,,,,,,,,,,,,,,,,,,,,,,,,,,,,,,,,,,,,,,,,,,,,,,,,,55564173.98,,55564173.98,,,,,,0,,,,0,,,,
600282.SH,600282,南钢股份,10002480,通用,2009-03-31 00:00:00,一季报,2009一季报,058001001,2010-04-26 00:00:00,2010-04-26 00:00:00,CNY,5463249964.22,-17.9906914555,5463249964.22,-17.9906914555,,,,,,,,,,,5448933787.09,-14.7521822872,5234946475.29,-16.1221550827,,,,,,,,,,,,,,,,,,,11102184.38,-74.0510501839,32735829.36,-25.3356544359,54860104.13,34.0359843907,,,38929549.42,-17.7382617819,,,,,76359644.51,416.0256711232,,,,,,,,,,,,,,,,,,,,,,,,,,,14316177.13,-94.6951366087,5942661.06,851.3312994419,,,3973587.94,438.9071340815,,,,,,,16285250.25,-93.962975479,3912291.9,-93.9930819691,,,,,,,12372958.35,-93.9533930003,,,,,,,12372958.35,-93.9533930003,,,10896153.51,-94.6729006776,,,,,0.007,-94.2148760331,0.007,-94.2148760331,,,,,,,,,,,,,,,,,,,,,,,,,,,,,,,,,,,,,,,,,,,,,,,,,,,12372958.35,,12372958.35,,,,,,0,,,,0,,,,
600282.SH,600282,南钢股份,10002480,通用,2008-12-31 00:00:00,年报,2008年报,058001001,2010-03-20 00:00:00,2010-03-20 00:00:00,CNY,28354366451.17,28.8562424185,28354366451.17,28.8562424185,,,,,,,,,,,28239677361.48,36.5791716332,27105236178.7,34.6568764794,,,,,,,,,,,,,,,,,,,93055920.34,-11.5961455359,172855257.42,28.7810208771,211135340.84,107.2511760226,,,223086184.73,11.794884064,,,,,434308479.45,6694.9755713272,,,,,,,20488.39,-99.5325987057,,,,,8874056.12,-26.9879670061,,,,,,,,,,,,,123583634.2,-90.8100744477,29031260.78,117.4063714277,,,8910662.37,-57.9909716919,1804897.67,-81.1297466224,,,,,143704232.61,-89.2510578258,22096138.14,-92.7805074836,,,,,,,121608094.47,-88.2031574472,,,,,,,121608094.47,-88.2031574472,,,102021528.15,-89.5933126447,,,,,0.0722,-88.1639344262,0.07,-88.5245901639,,,,,,,,,,,,,,,,,,,,,,,,,,,,,,,,,,,,,,,,,,,,,,,,,,,,,,,,,,,0,,,,0,,,,标准无保留意见
600282.SH,600282,南钢股份,10002480,通用,2008-09-30 00:00:00,三季报,2008三季报,058001001,2009-10-31 00:00:00,2009-10-31 00:00:00,CNY,23180749747.86,44.0613133559,23180749747.86,44.0613133559,,,,,,,,,,,22357236254.9,49.3235082003,21692391172.79,49.5885071085,,,,,,,,,,,,,,,,,,,87134622.51,-6.6244825017,127325667.35,23.0908334168,176856640.24,36.0906170409,,,159458313.79,5.8780763457,,,,,114069838.22,1897.9859700845,,,,,,,20488.39,-99.2935237669,,,,,,,,,,,,,,,,,,,823533981.35,-26.5734703442,18610978.29,575.6164069405,,,5314867.28,-71.116939592,,,,,,,836830092.36,-24.3323756294,190368128.9,-48.0744758093,,,,,,,646461963.46,-12.5588864896,,,,,,,646461963.46,-12.5588864896,,,634007565.27,-15.4258806616,,,,,0.3837,-12.5968109339,0.3837,-12.5968109339,,,,,,,,,,,,,,,,,,,,,,,,,,,,,,,,,,,,,,,,,,,,,,,,,,,,,,,,,,,0,,,,0,,,,
600282.SH,600282,南钢股份,10002480,通用,2008-06-30 00:00:00,中报,2008中报,058001001,2009-08-18 00:00:00,2009-08-18 00:00:00,CNY,14913175739.5,45.3691094565,14913175739.5,45.3691094565,,,,,,,,,,,14243903197.31,49.2712437193,13887455473.78,50.7771786053,,,,,,,,,,,,,,,,,,,66721856.34,6.6417418839,98894340.66,33.060330769,114943697.44,46.3151910634,,,102679145.72,-1.1108743889,,,,,-26791316.63,-315.4890611908,,,,,,,20488.39,-95.865149362,,,,,,,,,,,,,,,,,,,669293030.58,-6.6581265281,18000581.65,1297.871062241,,,3866052.08,-46.0990182858,,,,,,,683427560.15,-3.8981565703,155173077.54,-33.1583733901,,,,,,,528254482.61,10.2830236845,,,,,,,528254482.61,10.2830236845,,,512939332.33,6.2363913841,,,,,0.314,10.5633802817,0.314,10.5633802817,,,,,,,,,,,,,,,,,,,,,,,,,,,,,,,,,,,,,,,,,,,,,,,,,,,,,,,,,,,0,,,,0,,,,
600282.SH,600282,南钢股份,10002480,通用,2008-03-31 00:00:00,一季报,2008一季报,058001001,2009-04-23 00:00:00,2009-04-23 00:00:00,CNY,6661743722.98,31.2161571253,6661743722.98,31.2161571253,,,,,,,,,,,6391874810.74,35.2306515928,6241155194.74,36.8293502209,,,,,,,,,,,,,,,,,,,42784715.6,27.7604876358,43843991.55,22.6418081915,40929385.03,7.6211594578,,,47324005.38,-5.5158290254,,,,,-24162481.56,-401.2180879824,,,,,,,,,,,,,,,,,,,,,,,,,,,269868912.24,-22.9555472433,624667.88,75.7156180454,,,737341.87,-84.7188776876,,,,,,,269756238.25,-21.9923029815,65129770.04,-41.001134567,,,,,,,204626468.21,-13.0786445244,,,,,,,204626468.21,-13.0786445244,,,204541962.72,,,,,,0.121,-51.888667992,0.121,-51.888667992,,,,,,,,,,,,,,,,,,,,,,,,,,,,,,,,,,,,,,,,,,,,,,,,,,,,,,,,,,,0.0,,,,0.0,,,,
600282.SH,600282,南钢股份,10002480,通用,2007-12-31 00:00:00,年报,2007年报,058001001,2009-03-11 00:00:00,2009-03-11 00:00:00,CNY,22004651011.85,37.9459032607,22004651011.85,37.9459032607,,,,,,,,,,,20676415754.9,34.2122683725,20129114002.47,35.4792630982,,,,,,,,,,,,,,,,,,,105262288.51,43.356618167,134224170.8,25.0143595445,101874134.03,-49.2704246136,,,199549547.01,11.8307930051,,,,,6391612.08,153.2529156172,,,,,,,4383468.82,,,,,,12154237.81,25.0579931463,,,,,,,,,,,,,1344772963.58,142.0334848065,13353454.45,108.0737536815,,,21211303.21,529.7343523604,9564777.08,,,,,,1336915114.82,139.3058473968,306062207.14,82.0811458484,,,,,,,1030852907.68,163.9336915214,,,,,,,1030852907.68,163.9336915214,,,980345855.19,161.2407201015,,,,,0.61,45.2380952381,0.61,45.2380952381,,,,,,,,,,,,,,,,,,,,,,,,,,,,,,,,,,,,,,,,,,,,,,,,,,,,,,,,,,,,,,,,,,,标准无保留意见
600282.SH,600282,南钢股份,10002480,通用,2007-09-30 00:00:00,三季报,2007三季报,058001001,2008-10-28 00:00:00,2008-10-28 00:00:00,CNY,16090891584.89,45.1832734892,16090891584.89,45.1832734892,,,,,,,,,,,14972348643.8,39.702295234,14501375534.86,39.813984277,,,,,,,,,,,,,,,,,,,93316347.63,69.1339844119,103440413.73,37.1942706163,129955057.95,17.2846073909,,,150605601.55,16.4537611689,,,,,-6344311.92,74.9052068248,,,,,132496.3,,2900081.99,,,,,,,,,,,,,,,,,,,,1121575519.38,206.581068805,2754666.42,880.9453206144,,,18401330.07,2411.727598753,,,,,,,1105928855.73,202.6778785394,366617635.29,235.5395195904,,,,,,,739311220.44,188.6588936923,,,,,,,739311220.44,188.6588936923,,,749647256.43,185.1360893581,,,,,0.439,60.2189781022,0.439,60.2189781022,,,,,,,,,,,,,,,,,,,,,,,,,,,,,,,,,,,,,,,,,,,,,,,,,,,,,,,,,,,,,,,,,,,
600282.SH,600282,南钢股份,10002480,通用,2007-06-30 00:00:00,中报,2007中报,058001001,2008-08-16 00:00:00,2008-08-16 00:00:00,CNY,10258834077.79,47.7343765997,10258834077.79,47.7343765997,,,,,,,,,,,9542295516.81,41.1951405652,9210581868.05,40.7706791559,,,,,,,,,,,,,,,,,,,62566360.19,66.4993562325,74322933.13,82.4208969694,78558963.43,12.4335287242,,,103832595.43,24.547215009,,,,,12432796.58,176.2918623191,,,,,,,495504.96,,,,,,,,,,,,,,,,,,,,717034065.94,285.7606893292,1287714.02,358.5589866843,,,7172507.73,15777.340795657,,,,,,,711149272.23,282.1102807809,232150361.1,279.337957028,,,,,,,478998911.13,283.4685386218,,,,,,,478998911.13,283.4685386218,,,482828271.6,287.0233530455,,,,,0.284,113.5338345865,0.284,113.5338345865,,,,,,,,,,,,,,,,,,,,,,,,,,,,,,,,,,,,,,,,,,,,,,,,,,,,,,,,,,,,,,,,,,,
600282.SH,600282,南钢股份,10002480,通用,2007-03-31 00:00:00,一季报,2007一季报,058001001,2008-04-30 00:00:00,2008-04-30 00:00:00,CNY,5076923352.22,63.6735254061,5076923352.22,63.6735254061,,,,,,,,,,,4726646463.25,54.0026676903,4561269336.34,52.269473284,,,,,,,,,,,,,,,,,,,33488221.9,488.8377347311,35749629.1,128.055496145,38030983.16,3.6195785675,,,50086702.24,40.452301403,,,,,8021590.51,140.001507299,,,,,,,,,,,,,,,,,,,,,,,,,,,350276888.97,972.4275604823,355499.35,26.5944294859,,,4825181.39,16941.5612116254,,,,,,,345807206.93,948.805656081,110391563.57,,,,,,,,235415643.36,613.9968552937,,,,,,,235415643.36,613.9968552937,,,,,,,,,0.2515,618.5714285714,0.2515,618.5714285714,,,,,,,,,,,,,,,,,,,,,,,,,,,,,,,,,,,,,,,,,,,,,,,,,,,,,,,,,,,,,,,,,,,
600282.SH,600282,南钢股份,10002480,通用,2006-12-31 00:00:00,年报,2006年报,058001001,2008-03-06 00:00:00,2008-03-06 00:00:00,CNY,15951652417.15,7.3527173008,15951652417.15,7.3527173008,,,,,,,,,,,15405756869.79,7.7193196188,14857708509.88,7.4026464813,,,,,,,,,,,,,,,,,,,73426877.57,14.9150810605,107367002.71,85.1735735098,200818030.22,9.5726423764,,,178438819.62,9.5026089445,,,,,-12002370.21,,,,,,,,,,,,,,9718881.22,,,,,,,,,,,,,,555614428.58,-0.2271476813,6417654.42,729.9538185622,,,3368293.81,115.5224805112,,,,,,,558663789.19,-3.5709353683,168091103.4,-0.6068785483,,,,,,,390572685.79,-4.7928548732,,,,,,,390572685.79,-4.7928548732,,,375265331.84,-0.7668911363,,,,,0.42,-5.1918735892,0.42,,,,,,,,,,,,,,,,,,,,,,,,,,,,,,,,,,,,,,,,,,,,,,,,,,,,,,,,,,,,,,,,,,,,标准无保留意见
600282.SH,600282,南钢股份,10002480,通用,2006-09-30 00:00:00,三季报,2006三季报,058001001,2007-10-29 00:00:00,2007-10-29 00:00:00,CNY,11083157996.22,-5.809416921,11083157996.22,-5.809416921,,,,,,,,,,,10717324735.95,-4.682938484,10371906365.34,-4.6994595666,,,,,,,,,,,,,,,,,,,55173032.17,9.590039371,75397036.09,62.4977432778,110803165.77,-21.4695489689,,,129326524.14,5.4324888523,,,,,-25281387.56,,,,,,,,,,,,,,,,,,,,,,,,,,,,365833260.27,-29.9435636365,280817.53,-63.570613335,,,732616.47,102.9400851636,,,,,,,365381461.33,-33.3107980029,109262132.74,-34.2707001093,,,,,,,256119328.59,-32.8927126616,,,,,,,256119328.59,-32.8927126616,,,262908584.5,-35.3914253487,,,,,0.274,,0.274,,,,,,,,,,,,,,,,,,,,,,,,,,,,,,,,,,,,,,,,,,,,,,,,,,,,,,,,,,,,,,,,,,,,
600282.SH,600282,南钢股份,10002480,通用,2006-06-30 00:00:00,中报,2006中报,058001001,2007-08-10 00:00:00,2007-08-10 00:00:00,CNY,6944107603.06,-12.9403512685,6944107603.06,-12.9403512685,,,,,,,,,,,6758232244.12,-10.1636672208,6542968978.54,-9.8752952513,,,,,,,,,,,,,,,,,,,37577538.8,1.8071619688,40742554.37,-5.9872239594,69871473.68,-30.0520688385,,,83368058.79,0.7069967927,,,,,-16296360.06,,,,,,,,,,,,,,,,,,,,,,,,,,,,185875358.94,-58.9500918125,280817.53,-63.570613335,,,45174.49,-93.1087751583,,,,,,,186111001.98,-58.9085158879,61198822.0,-55.9199235099,,,,,,,124912179.98,-60.2295767692,,,,,,,124912179.98,-60.2295767692,,,124754299.14,-60.2412313577,,,,,0.133,-60.8823529412,0.133,,,,,,,,,,,,,,,,,,,,,,,,,,,,,,,,,,,,,,,,,,,,,,,,,,,,,,,,,,,,,,,,,,,,
600282.SH,600282,南钢股份,10002480,通用,2006-03-31 00:00:00,一季报,2006一季报,058001001,2007-04-25 00:00:00,2007-04-25 00:00:00,CNY,3101859839.35,-20.1250617825,3101859839.35,-20.1250617825,,,,,,,,,,,3069197783.48,-15.9850349423,2995524472.48,-15.2227866002,,,,,,,,,,,,,,,,,,,5687173.21,-71.1048054044,15675846.32,17.2009085378,36702507.08,-16.3010447447,,,35661005.01,-16.7588755324,,,,,-20053220.62,,,,,,,,,,,,,,,,,,,,,,,,,,,,32662055.87,-85.8316232064,280817.53,5.5705,,,-28650.44,-386.5044,,,,,,,32971523.84,-85.7132453766,,,,,,,,,32971523.84,-79.1109199623,,,,,,,32971523.84,-79.1109199623,,,32764180.3,-79.2197010889,,,,,0.035,,0.035,,,,,,,,,,,,,,,,,,,,,,,,,,,,,,,,,,,,,,,,,,,,,,,,,,,,,,,,,,,,,,,,,,,,
600282.SH,600282,南钢股份,10002480,通用,2005-12-31 00:00:00,年报,2005年报,058001001,2007-03-28 00:00:00,2007-03-28 00:00:00,CNY,14859104471.9,45.3117897289,14859104471.9,45.3117897289,,,,,,,,,,,14301758425.8,50.5351762265,13833652146.06,50.3625474194,,,,,,,,,,,,,,,,,,,63896641.67,112.9583612523,57981817.1,103.725194785,183273877.37,22.0424615438,,,162953943.6,77.5608125903,,,,,,,,,,,,,,,,,,,,,,,,,,,,,,,-466678.95,-106.7823817109,556879367.15,-24.1789493001,773254.4,0.9905942212,,,-21699455.88,12.5463572755,,,,,0.0,,579352077.43,-23.7738336796,169117440.87,-28.5922242299,,,0.0,,,,410234636.56,-21.592768291,,,,,,,410234636.56,-21.592768291,,,378165449.15,-22.9248400251,,,,,0.443,-57.4038461538,,,,,,,,,,,,,,,,,,,,,,,,,,,,,,,,,,,,,,,,,,,,,,,,,,,,,,,,,,,,,,,,,,,,,标准无保留意见
600282.SH,600282,南钢股份,10002480,通用,2005-09-30 00:00:00,三季报,2005三季报,058001001,2006-10-30 00:00:00,2006-10-30 00:00:00,CNY,11766736794.62,57.7027274579,11766736794.62,57.7027274579,,,,,,,,,,,11243868165.36,63.3081594576,10883365737.67,62.9212777752,,,,,,,,,,,,,,,,,,,50344933.25,114.7488319392,46398820.42,114.0488952503,141095797.0,24.9990709174,,,122662877.02,161.393577184,,,,,,,,,,,,,,,,,,,,,,,,,,,,,,,-670699.62,-123.3010609114,522197929.64,-10.2258642129,770854.4,77.9461267569,,,-24918205.74,-67.8100457687,,,,,0,,547886989.78,-8.2207863465,166230483.09,-6.8506725237,,,0,,,,381656506.69,-8.8050190413,,,,,,,381656506.69,-8.8050190413,,,406925219.94,0.8833166102,,,,,,,,,,,,,,,,,,,,,,,,,,,,,,,,,,,,,,,,,,,,,,,,,,,,,,,,,,,,,,,,,,,,,,,,,,,
600282.SH,600282,南钢股份,10002480,通用,2005-06-30 00:00:00,中报,2005中报,058001001,2006-07-18 00:00:00,2006-07-18 00:00:00,CNY,7976264209.93,60.141972294,7976264209.93,60.141972294,,,,,,,,,,,7522827385.14,65.0674891118,7259906145.36,63.7254872092,,,,,,,,,,,,,,,,,,,36910506.17,112.1155690203,43337252.75,246.8480434906,99890693.72,34.3087804814,,,82782787.14,336.5873309965,,,,,,,,,,,,,,,,,,,,,,,,,,,,,,,-633476.02,-149.4274851643,452803348.77,6.0118311299,770854.4,420.2478764343,,,655536.44,104.4146677793,,,,,0,,452918666.73,2.4418896431,138835562.17,7.4507671941,,,0,,,,314083104.56,0.3736224638,,,,,,,314083104.56,0.3736224638,,,313778075.63,5.3083799655,,,,,0.34,-45.1612903226,,,,,,,,,,,,,,,,,,,,,,,,,,,,,,,,,,,,,,,,,,,,,,,,,,,,,,,,,,,,,,,,,,,,,
600282.SH,600282,南钢股份,10002480,通用,2005-03-31 00:00:00,一季报,2005一季报,058001001,2006-04-22 00:00:00,2006-04-22 00:00:00,CNY,3883395603.89,53.7566767845,3883395603.89,53.7566767845,,,,,,,,,,,3653156055.44,66.8550298794,3533407565.96,66.6567997322,,,,,,,,,,,,,,,,,,,19682072.71,47.3104180153,13375191.81,21.0073784111,43850615.54,20.1695583959,,,42840609.42,413.4075612236,,,,,,,,,,,,,,,,,,,,,,,,,,,,,,,288311.91,-34.4060664625,230527860.36,-32.041730589,266000.0,79.5227933207,,,10000.0,,,,,,0,,230783860.36,-31.9959673266,72942903.36,-34.2955902202,,,0,,,,157840957.0,-30.8779669529,,,,,,,157840957.0,-30.8779669529,,,157669437.0,-30.9207425604,,,,,,,,,,,,,,,,,,,,,,,,,,,,,,,,,,,,,,,,,,,,,,,,,,,,,,,,,,,,,,,,,,,,,,,,,,,
600282.SH,600282,南钢股份,10002480,通用,2004-12-31 00:00:00,年报,2004年报,058001001,2006-04-14 00:00:00,2006-04-14 00:00:00,CNY,10225670263.66,49.7746062672,10225670263.66,49.7746062672,,,,,,,,,,,9500608950.22,57.0730806477,9200198043.65,57.4774948314,,,,,,,,,,,,,,,,,,,30004288.77,-7.0632716799,28460798.46,-11.268996356,150172222.89,10.5074862251,,,91773596.45,1418.3865869255,,,,,,,,,,,,,2523312.0,,,,,,,,,,,,,,,,,,6880753.25,96.8650518124,734465378.69,-6.1193958069,765669.72,-88.5835810343,,,-24812523.76,-147.2795443585,,,,,0,,760043572.17,3.1874181929,236833368.7,-4.1269125624,,,0,,,,523210203.47,6.8783349357,,,,,,,523210203.47,6.8783349357,,,490645039.56,1.4996515091,,,,,1.04,7.2164948454,,,,,,,,,,,,,,,,,,,,,,,,,,,,,,,,,,,,,,,,,,,,,,,,,,,,,,,,,,,,,,,,,,,,,标准无保留意见
600282.SH,600282,南钢股份,10002480,通用,2004-09-30 00:00:00,三季报,2004三季报,058001001,2005-10-27 00:00:00,2005-10-27 00:00:00,CNY,7461340069.57,49.7632247968,7461340069.57,49.7632247968,,,,,,,,,,,6885062083.06,56.5869424438,6680137724.36,59.0089384589,,,,,,,,,,,,,,,,,,,23443635.43,-25.8250041378,21676739.03,-17.1403297339,112877476.58,-17.1450738328,,,46926507.66,2439.3496950873,,,,,,,,,,,,,2523312.0,,,,,,,,,,,,,,,,,,2878408.08,7.3428733572,581679706.59,-1.0436555472,433195.38,-92.8164861253,,,-14849054.85,-131.124335351,,,,,0,,596961956.82,9.3064552192,178455913.31,-9.2472458171,,,0,,,,418506043.51,19.7454576297,,,,,,,418506043.51,19.7454576297,,,403362254.15,18.5596320209,,,,,,,,,,,,,,,,,,,,,,,,,,,,,,,,,,,,,,,,,,,,,,,,,,,,,,,,,,,,,,,,,,,,,,,,,,,
600282.SH,600282,南钢股份,10002480,通用,2004-06-30 00:00:00,中报,2004中报,058001001,2005-08-10 00:00:00,2005-08-10 00:00:00,CNY,4980745581.98,57.4064746239,4980745581.98,57.4064746239,,,,,,,,,,,4557425223.84,62.5673865626,4434194253.51,64.4843875304,,,,,,,,,,,,,,,,,,,17401130.12,-2.7380692188,12494593.4,-26.8347773257,74373911.64,4.6442319918,,,18961335.17,1122.6642578094,,,,,,,,,,,,,2523312.0,,,,,,,,,,,,,,,,,,1281627.05,-28.9154195097,427125297.19,17.7778771883,148170.6,-97.3921163774,,,-14849054.85,-139.0435485881,,,,,0,,442122522.64,33.8536776777,129208535.03,6.0182418214,,,0,,,,312913987.61,50.1297838026,,,,,,,312913987.61,50.1297838026,,,297961164.85,49.1213711847,,,,,0.62,51.2195121951,,,,,,,,,,,,,,,,,,,,,,,,,,,,,,,,,,,,,,,,,,,,,,,,,,,,,,,,,,,,,,,,,,,,,未经审计
600282.SH,600282,南钢股份,10002480,通用,2004-03-31 00:00:00,一季报,2004一季报,058001001,2005-04-22 00:00:00,2005-04-22 00:00:00,CNY,2525676078.01,72.4751215828,2525676078.01,72.4751215828,,,,,,,,,,,2189419197.06,69.1056835334,2120170057.05,71.393464867,,,,,,,,,,,,,,,,,,,13360950.96,53.2104874958,11053203.52,54.9868315219,36490618.86,-6.7341203142,,,8344366.67,208.1647294117,,,,,,,,,,,,,2523312.0,,,,,,,,,,,,,,,,,,439540.51,-43.8812016697,339219733.46,99.0144577593,148170.6,,,,,,,,,,0,-100.0,339367904.06,117.7980882478,111016754.59,92.0981764948,,,0,,,,228351149.47,132.9495894373,,,,,,,228351149.47,132.9495894373,,,228244255.72,140.4899945042,,,,,,,,,,,,,,,,,,,,,,,,,,,,,,,,,,,,,,,,,,,,,,,,,,,,,,,,,,,,,,,,,,,,,,,,,,,
600282.SH,600282,南钢股份,10002480,通用,2003-12-31 00:00:00,年报,2003年报,058001001,2005-03-18 00:00:00,2005-03-18 00:00:00,CNY,6827372488.91,46.3448545874,6827372488.91,46.3448545874,,,,,,,,,,,6048527800.59,41.8097455666,5842230379.33,41.4241620344,,,,,,,,,,,,,,,,,,,32284640.65,44.1154395456,32075370.83,14.2372070445,135893257.57,52.3758952007,,,6044152.21,211.511784926,,,,,,,,,,,,,,,,,,,,,,,,,,,,,,,3495162.39,552.7788044222,782339850.71,95.3128697113,6706741.6,651.9693734518,,,52480462.95,384.1170774981,,,,,0,,736566129.36,88.5688039908,247027998.19,67.5292012653,,,0,,,,489538131.17,101.3276091966,,,,,,,489538131.17,101.3276091966,,,483395787.34,105.1625533849,,,,,0.97,102.0833333333,,,,,,,,,,,,,,,,,,,,,,,,,,,,,,,,,,,,,,,,,,,,,,,,,,,,,,,,,,,,,,,,,,,,,标准无保留意见
600282.SH,600282,南钢股份,10002480,通用,2003-09-30 00:00:00,三季报,2003三季报,058001001,2004-10-28 00:00:00,2004-10-28 00:00:00,CNY,4982090950.36,47.0494320945,4982090950.36,47.0494320945,,,,,,,,,,,4396957993.82,43.2922822176,4201108308.19,42.4385561812,,,,,,,,,,,,,,,,,,,31605846.63,79.5428948076,26160783.6,9.4917452678,136235081.97,62.89597413,,,1847973.43,130.6789250767,,,,,,,,,,,,,,,,,,,,,,,,,,,,,,,2681508.32,1581.6397802681,587814464.86,83.8795064395,6030410.57,4125.9394822196,,,47708825.53,367.3856187001,,,,,0,,546136049.9,76.3955022858,196639666.66,79.6549435489,,,0,,,,349496383.24,74.6130856879,,,,,,,349496383.24,74.6130856879,,,340218881.65,75.7781151581,,,,,,,,,,,,,,,,,,,,,,,,,,,,,,,,,,,,,,,,,,,,,,,,,,,,,,,,,,,,,,,,,,,,,,,,,,,
600282.SH,600282,南钢股份,10002480,通用,2003-06-30 00:00:00,中报,2003中报,058001001,2004-07-15 00:00:00,2004-07-15 00:00:00,CNY,3164257120.86,45.7870366787,3164257120.86,45.7870366787,,,,,,,,,,,2803406833.44,41.8626885493,2695814672.8,41.1292881593,,,,,,,,,,,,,,,,,,,17890998.03,59.5634191506,17077230.06,23.9497272747,71073111.46,53.6519013814,,,1550821.09,129.3789899083,,,,,,,,,,,,,,,,,,,,,,,,,,,,,,,1802960.7,157.4946391618,362653248.12,89.6836891736,5681641.57,3881.5321288287,,,38032031.89,25282.3208132587,,,,,0,,330302857.8,72.7694534193,121873870.77,92.3958147498,,,0,,,,208428987.03,63.0441770955,,,,,,,208428987.03,63.0441770955,,,199811175.61,56.9711687008,,,,,0.41,64.0,,,,,,,,,,,,,,,,,,,,,,,,,,,,,,,,,,,,,,,,,,,,,,,,,,,,,,,,,,,,,,,,,,,,,标准无保留意见
600282.SH,600282,南钢股份,10002480,通用,2003-03-31 00:00:00,一季报,2003一季报,058001001,2004-04-26 00:00:00,2004-04-26 00:00:00,CNY,1464371240.81,48.0929683734,1464371240.81,48.0929683734,,,,,,,,,,,1294704678.94,37.1571780211,1237019193.64,36.1034483153,,,,,,,,,,,,,,,,,,,8720650.38,24.1121375305,7131704.94,11.3905386566,39125368.23,79.4958044119,,,2707761.75,1894.3399167149,,,,,,,,,,,,,,,,,,,,,,,,,,,,,,,783232.22,365.8636123798,170449794.09,278.5242382214,,,,,14632125.18,12959.734457313,,,,,0.01,,155817668.92,245.8867990796,57791675.39,313.2029422437,,,0,,,,98025993.53,215.5768638571,,,,,,,98025993.53,215.5768638571,,,94908004.88,,,,,,,,,,,,,,,,,,,,,,,,,,,,,,,,,,,,,,,,,,,,,,,,,,,,,,,,,,,,,,,,,,,,,,,,,,,,
600282.SH,600282,南钢股份,10002480,通用,2002-12-31 00:00:00,年报,2002年报,058001001,2004-01-30 00:00:00,2004-01-30 00:00:00,CNY,4665263092.55,16.6016649875,4665263092.55,16.6016649875,,,,,,,,,,,4265241275.5,13.495404549,4130998759.54,14.1533412381,,,,,,,,,,,,,,,,,,,22401930.53,81.0729104354,28077866.8,-14.6558425875,89182910.06,-3.0105227296,,,-5420191.43,-366.209976007,,,,,,,,,,,,,,,,,,,,,,,,,,,,,,,535428.29,-83.5348032068,400557245.34,62.6932132412,891890.26,72.6984155875,,,10840448.6,106.4399161493,,,,,0.0,,390608687.0,61.7632693615,147453695.43,317.9116841365,,,0,,,,243154991.57,17.9299952111,,,,,,,243154991.57,17.9299952111,,,235615992.96,12.8283042921,,,,,0.48,17.0731707317,,,,,,,,,,,,,,,,,,,,,,,,,,,,,,,,,,,,,,,,,,,,,,,,,,,,,,,,,,,,,,,,,,,,,标准无保留意见
600282.SH,600282,南钢股份,10002480,通用,2002-09-30 00:00:00,三季报,2002三季报,058001001,2003-10-29 00:00:00,2003-10-29 00:00:00,CNY,3388038212.32,15.5452602064,3388038212.32,15.5452602064,,,,,,,,,,,3068523946.84,13.8419838738,2949417925.05,13.6720867504,,,,,,,,,,,,,,,,,,,17603507.32,52.7718385022,23892927.76,1.9119414507,83633179.21,38.7769376229,,,-6023592.5,-209.1265184894,,,,,,,,,,,,,,,,,,,,,,,,,,,,,,,159457.95,-93.9131695953,319673723.43,33.5237986318,142699.88,-70.9456693741,,,10207593.82,69.1486541218,,,,,0.0,,309608829.49,32.3851524315,109454080.57,155.1871612732,,,0,,,,200154748.92,4.8050980847,,,,,,,200154748.92,4.8050980847,,,193550193.29,,,,,,,,,,,,,,,,,,,,,,,,,,,,,,,,,,,,,,,,,,,,,,,,,,,,,,,,,,,,,,,,,,,,,,,,,,,,
600282.SH,600282,南钢股份,10002480,通用,2002-06-30 00:00:00,中报,2002中报,058001001,2003-07-24 00:00:00,2003-07-24 00:00:00,CNY,2170465353.4,11.9297943896,2170465353.4,11.9297943896,,,,,,,,,,,1976141057.32,10.7925081462,1910173790.26,11.2904622745,,,,,,,,,,,,,,,,,,,11212468.45,41.6877062393,13777545.49,-7.5405147788,46255927.08,16.7937574256,,,-5278673.96,-209.1525755615,,,,,,,,,,,,,,,,,,,,,,,,,,,,,,,-3135876.19,-279.1958148034,191188419.89,21.5905257213,142699.88,-70.8507105733,,,149836.7,-97.6827962902,,,,,0.0,,191181283.07,26.3901135158,63345385.62,310.8719832132,,,0,,,,127835897.45,-5.8961405651,,,,,,,127835897.45,-5.8961405651,,,127291640.41,-5.9578837505,,,,,0.25,-7.4074074074,,,,,,,,,,,,,,,,,,,,,,,,,,,,,,,,,,,,,,,,,,,,,,,,,,,,,,,,,,,,,,,,,,,,,未经审计
600282.SH,600282,南钢股份,10002480,通用,2002-03-31 00:00:00,一季报,2002一季报,058001001,2002-04-20 00:00:00,2002-04-20 00:00:00,CNY,988818886.47,,988818886.47,,,,,,,,,,,,943956924.18,,908881596.28,,,,,,,,,,,,,,,,,,,,7026428.32,,6402433.3,,21797372.01,,,,-150905.73,,,,,,0.0,,,,,,,,,,,,,,,,,,,,,,,,,,168124.79,,45030087.08,,130699.88,,,,112039.99,,,,,,0.0,,45048746.97,,13986269.09,,,,0,,,,31062477.88,,,,,,,,31062477.88,,,,,,,,,,,,,,,,,,,,,,,,,,,,,,,,,,,,,,,,,,,,,,,,,,,,,,,,,,,,,,,,,,,,,,,,,,,,,,,,
600282.SH,600282,南钢股份,10002480,通用,2001-12-31 00:00:00,年报,2001年报,058001001,2003-02-20 00:00:00,2003-02-20 00:00:00,CNY,4001026137.19,18.0321853935,4001026137.19,18.0321853935,,,,,,,,,,,3758073987.62,20.1421011542,3618815458.87,24.7624299693,,,,,,,,,,,,,,,,,,,12371773.6,-29.3387979423,32899577.02,41.1770283318,91951119.41,-36.9952311114,,,2036058.72,-94.9978484367,,,,,,,,,,,,,,,,,,,,,,,,,,,,,,,3251879.08,813.9923120045,246204028.65,-6.0674039516,516443.8,-91.3506622332,,,5251139.8,-31.6580397466,,,,,0,,241469332.65,-7.2678500381,35283458.45,-40.1055353914,,,0,,,,206185874.2,2.333100246,,,,,,,206185874.2,2.333100246,,,208827026.55,2.7573534546,,,,,0.41,-34.9206349206,,,,,,,,,,,,,,,,,,,,,,,,,,,,,,,,,,,,,,,,,,,,,,,,,,,,,,,,,,,,,,,,,,,,,标准无保留意见
600282.SH,600282,南钢股份,10002480,通用,2001-09-30 00:00:00,三季报,2001三季报,058001001,2002-10-30 00:00:00,2002-10-30 00:00:00,CNY,2932217389.33,,2932217389.33,,,,,,,,,,,,2695423816.79,,2594672104.09,,,,,,,,,,0.0,,0.0,,,,,,,,11522743.65,,23444679.22,,60264465.15,,,,5519824.68,,,,,,,,,,,,,,,,,,,,,,,,,,,,,,,,2619720.6,,239413293.14,,491148.4,,,,6034688.17,,,,,,0,,233869753.37,,42891687.82,,,,0,,,,190978065.55,,,,,,,,190978065.55,,,,,,,,,,,,,,,,,,,,,,,,,,,,,,,,,,,,,,,,,,,,,,,,,,,,,,,,,,,,,,,,,,,,,,,,,,,,,,,,
600282.SH,600282,南钢股份,10002480,通用,2001-06-30 00:00:00,中报,2001中报,058001001,2002-08-12 00:00:00,2002-08-12 00:00:00,CNY,1939131010.86,24.2970126177,1939131010.86,24.2970126177,,,,,,,,,,,1783641412.57,26.1323581906,1716385888.98,32.4619425207,,,,,,,,,,,,,,,,,,,7913508.34,-30.6572242822,14901170.45,37.6817826288,39604794.04,-47.1216795274,,,4836050.76,-77.2015197189,,,,,,,,,,,,,,,,,,,,,,,,,,,,,,,1749971.78,159.4692463565,157239570.07,7.2209715661,489548.4,319.1072075546,,,6466272.23,73.0329806163,,,,,0,,151262846.24,5.7561721344,15417304.71,-76.7290615912,,,0,,,,135845541.53,76.9317912458,,,,,,,135845541.53,76.9317912458,,,135355993.13,,,,,,0.27,,,,,,,,,,,,,,,,,,,,,,,,,,,,,,,,,,,,,,,,,,,,,,,,,,,,,,,,,,,,,,,,,,,,,,标准无保留意见
600282.SH,600282,南钢股份,10002480,通用,2000-12-31 00:00:00,年报,2000年报,058001001,2002-03-22 00:00:00,2002-03-22 00:00:00,CNY,3389775529.32,25.849393199,3389775529.32,25.849393199,,,,,,,,,,,3128024190.95,24.73208941,2900565065.75,24.4033299352,,,,,,,,,,,,,,,,,,,17508580.72,49.4593966677,23303774.99,41.8950596381,145943110.39,57.8231749499,,,40703659.1,-26.7950577245,,,,,,,,,,,,,,,,,,,,,,,,,,,,,,,355788.45,105.238644116,262107126.82,46.4844588438,5970905.68,303.7782610871,,,7683624.79,126.4224668733,,,,,0,,260394407.71,47.1013858781,58909381.16,100.8180761899,,,0,,,,201485026.55,36.4314314745,,,,,,,201485026.55,36.4314314745,,,203223438.06,,,,,,0.63,,,,,,,,,,,,,,,,,,,,,,,,,,,,,,,,,,,,,,,,,,,,,,,,,,,,,,,,,,,,,,,,,,,,,,标准无保留意见
600282.SH,600282,南钢股份,10002480,通用,2000-06-30 00:00:00,中报,2000中报,058001001,2001-08-14 00:00:00,2001-08-14 00:00:00,CNY,1560078532.88,,1560078532.88,,,,,,,,,,,,1414102961.49,,1295757752.24,,,,,,,,,,,,,,,,,,,,11412159.75,,10822906.39,,74897980.28,,,,21212162.83,,,,,,,,,,,,,,,,,,,,,,,,,,,,,,,,674442.85,,146650014.24,,116807.44,,,,3737017.19,,,,,,0,,143029804.49,,66251323.6,,,,0,,,,76778480.89,,,,,,,,76778480.89,,,,,,,,,,,,,,,,,,,,,,,,,,,,,,,,,,,,,,,,,,,,,,,,,,,,,,,,,,,,,,,,,,,,,,,,,,,,,,,,
600282.SH,600282,南钢股份,10002480,通用,1999-12-31 00:00:00,年报,1999年报,058001001,2001-03-09 00:00:00,2001-03-09 00:00:00,CNY,2693517579.35,20.5090903997,2693517579.35,20.5090903997,,,,,,,,,,,2507794269.9,19.7830118545,2331581531.83,23.7289356723,,,,,,,,,,,,,,,,,,,11714606.85,8.2340965824,16423246.2,41.6490017249,92472547.48,-0.177166604,,,55602337.54,-40.9320655511,,,,,,,,,,,,,,,,,,,,,,,,,,,,,,,-6791613.29,,178931696.16,26.4522628467,1478758.58,,,,3393490.45,-24.3835760068,,,,,0,,177016964.29,29.1966278757,29334700.48,,,,0,,,,147682263.81,7.7865647387,,,,,,,147682263.81,7.7865647387,,,,,,,,,,,,,,,,,,,,,,,,,,,,,,,,,,,,,,,,,,,,,,,,,,,,,,,,,,,,,,,,,,,,,,,,,,,,,,,
600282.SH,600282,南钢股份,10002480,通用,1998-12-31 00:00:00,年报,1998年报,058001001,2000-09-14 00:00:00,2000-09-14 00:00:00,CNY,2235115683.32,10.6930984872,2235115683.32,10.6930984872,,,,,,,,,,,2093614303.96,11.1696196947,1884427049.47,12.5137370155,,,,,,,,,,,,,,,,,,,10823397.82,-3.4136709805,11594325.41,-3.6394715785,92636668.72,-3.1655728761,,,94132862.54,5.1572860104,,,,,,,,,,,,,,,,,,,,,,,,,,,,,,,0,,141501379.36,4.0915246253,,,,,4487769.02,3.5669418243,,,,,0,,137013610.34,4.1087968035,,,,,0,,,,137013610.34,4.1087968035,,,,,,,137013610.34,4.1087968035,,,,,,,,,,,,,,,,,,,,,,,,,,,,,,,,,,,,,,,,,,,,,,,,,,,,,,,,,,,,,,,,,,,,,,,,,,,,,,,
600282.SH,600282,南钢股份,10002480,通用,1997-12-31 00:00:00,年报,1997年报,058001001,2000-09-14 00:00:00,2000-09-14 00:00:00,CNY,2019200576.97,,2019200576.97,,,,,,,,,,,,1883261191.06,,1674841756.62,,,,,,,,,,,,,,,,,,,,11205931.45,,12032235.19,,95665014.47,,,,89516253.33,,,,,,,,,,,,,,,,,,,,,,,,,,,,,,,,0,,135939385.91,,,,,,4333206.08,,,,,,0,,131606179.83,,,,,,0,,,,131606179.83,,,,,,,,131606179.83,,,,,,,,,,,,,,,,,,,,,,,,,,,,,,,,,,,,,,,,,,,,,,,,,,,,,,,,,,,,,,,,,,,,,,,,,,,,,,,,
