SECUCODE,SECURITY_CODE,SECURITY_NAME_ABBR,ORG_CODE,ORG_TYPE,REPORT_DATE,REPORT_TYPE,REPORT_DATE_NAME,SECURITY_TYPE_CODE,NOTICE_DATE,UPDATE_DATE,CURRENCY,TOTAL_OPERATE_INCOME,TOTAL_OPERATE_INCOME_YOY,OPERATE_INCOME,OPERATE_INCOME_YOY,INTEREST_INCOME,INTEREST_INCOME_YOY,EARNED_PREMIUM,EARNED_PREMIUM_YOY,FEE_COMMISSION_INCOME,FEE_COMMISSION_INCOME_YOY,OTHER_BUSINESS_INCOME,OTHER_BUSINESS_INCOME_YOY,TOI_OTHER,TOI_OTHER_YOY,TOTAL_OPERATE_COST,TOTAL_OPERATE_COST_YOY,OPERATE_COST,OPERATE_COST_YOY,INTEREST_EXPENSE,INTEREST_EXPENSE_YOY,FEE_COMMISSION_EXPENSE,FEE_COMMISSION_EXPENSE_YOY,RESEARCH_EXPENSE,RESEARCH_EXPENSE_YOY,SURRENDER_VALUE,SURRENDER_VALUE_YOY,NET_COMPENSATE_EXPENSE,NET_COMPENSATE_EXPENSE_YOY,NET_CONTRACT_RESERVE,NET_CONTRACT_RESERVE_YOY,POLICY_BONUS_EXPENSE,POLICY_BONUS_EXPENSE_YOY,REINSURE_EXPENSE,REINSURE_EXPENSE_YOY,OTHER_BUSINESS_COST,OTHER_BUSINESS_COST_YOY,OPERATE_TAX_ADD,OPERATE_TAX_ADD_YOY,SALE_EXPENSE,SALE_EXPENSE_YOY,MANAGE_EXPENSE,MANAGE_EXPENSE_YOY,ME_RESEARCH_EXPENSE,ME_RESEARCH_EXPENSE_YOY,FINANCE_EXPENSE,FINANCE_EXPENSE_YOY,FE_INTEREST_EXPENSE,FE_INTEREST_EXPENSE_YOY,FE_INTEREST_INCOME,FE_INTEREST_INCOME_YOY,ASSET_IMPAIRMENT_LOSS,ASSET_IMPAIRMENT_LOSS_YOY,CREDIT_IMPAIRMENT_LOSS,CREDIT_IMPAIRMENT_LOSS_YOY,TOC_OTHER,TOC_OTHER_YOY,FAIRVALUE_CHANGE_INCOME,FAIRVALUE_CHANGE_INCOME_YOY,INVEST_INCOME,INVEST_INCOME_YOY,INVEST_JOINT_INCOME,INVEST_JOINT_INCOME_YOY,NET_EXPOSURE_INCOME,NET_EXPOSURE_INCOME_YOY,EXCHANGE_INCOME,EXCHANGE_INCOME_YOY,ASSET_DISPOSAL_INCOME,ASSET_DISPOSAL_INCOME_YOY,ASSET_IMPAIRMENT_INCOME,ASSET_IMPAIRMENT_INCOME_YOY,CREDIT_IMPAIRMENT_INCOME,CREDIT_IMPAIRMENT_INCOME_YOY,OTHER_INCOME,OTHER_INCOME_YOY,OPERATE_PROFIT_OTHER,OPERATE_PROFIT_OTHER_YOY,OPERATE_PROFIT_BALANCE,OPERATE_PROFIT_BALANCE_YOY,OPERATE_PROFIT,OPERATE_PROFIT_YOY,NONBUSINESS_INCOME,NONBUSINESS_INCOME_YOY,NONCURRENT_DISPOSAL_INCOME,NONCURRENT_DISPOSAL_INCOME_YOY,NONBUSINESS_EXPENSE,NONBUSINESS_EXPENSE_YOY,NONCURRENT_DISPOSAL_LOSS,NONCURRENT_DISPOSAL_LOSS_YOY,EFFECT_TP_OTHER,EFFECT_TP_OTHER_YOY,TOTAL_PROFIT_BALANCE,TOTAL_PROFIT_BALANCE_YOY,TOTAL_PROFIT,TOTAL_PROFIT_YOY,INCOME_TAX,INCOME_TAX_YOY,EFFECT_NETPROFIT_OTHER,EFFECT_NETPROFIT_OTHER_YOY,EFFECT_NETPROFIT_BALANCE,EFFECT_NETPROFIT_BALANCE_YOY,UNCONFIRM_INVEST_LOSS,UNCONFIRM_INVEST_LOSS_YOY,NETPROFIT,NETPROFIT_YOY,PRECOMBINE_PROFIT,PRECOMBINE_PROFIT_YOY,CONTINUED_NETPROFIT,CONTINUED_NETPROFIT_YOY,DISCONTINUED_NETPROFIT,DISCONTINUED_NETPROFIT_YOY,PARENT_NETPROFIT,PARENT_NETPROFIT_YOY,MINORITY_INTEREST,MINORITY_INTEREST_YOY,DEDUCT_PARENT_NETPROFIT,DEDUCT_PARENT_NETPROFIT_YOY,NETPROFIT_OTHER,NETPROFIT_OTHER_YOY,NETPROFIT_BALANCE,NETPROFIT_BALANCE_YOY,BASIC_EPS,BASIC_EPS_YOY,DILUTED_EPS,DILUTED_EPS_YOY,OTHER_COMPRE_INCOME,OTHER_COMPRE_INCOME_YOY,PARENT_OCI,PARENT_OCI_YOY,MINORITY_OCI,MINORITY_OCI_YOY,PARENT_OCI_OTHER,PARENT_OCI_OTHER_YOY,PARENT_OCI_BALANCE,PARENT_OCI_BALANCE_YOY,UNABLE_OCI,UNABLE_OCI_YOY,CREDITRISK_FAIRVALUE_CHANGE,CREDITRISK_FAIRVALUE_CHANGE_YOY,OTHERRIGHT_FAIRVALUE_CHANGE,OTHERRIGHT_FAIRVALUE_CHANGE_YOY,SETUP_PROFIT_CHANGE,SETUP_PROFIT_CHANGE_YOY,RIGHTLAW_UNABLE_OCI,RIGHTLAW_UNABLE_OCI_YOY,UNABLE_OCI_OTHER,UNABLE_OCI_OTHER_YOY,UNABLE_OCI_BALANCE,UNABLE_OCI_BALANCE_YOY,ABLE_OCI,ABLE_OCI_YOY,RIGHTLAW_ABLE_OCI,RIGHTLAW_ABLE_OCI_YOY,AFA_FAIRVALUE_CHANGE,AFA_FAIRVALUE_CHANGE_YOY,HMI_AFA,HMI_AFA_YOY,CASHFLOW_HEDGE_VALID,CASHFLOW_HEDGE_VALID_YOY,CREDITOR_FAIRVALUE_CHANGE,CREDITOR_FAIRVALUE_CHANGE_YOY,CREDITOR_IMPAIRMENT_RESERVE,CREDITOR_IMPAIRMENT_RESERVE_YOY,FINANCE_OCI_AMT,FINANCE_OCI_AMT_YOY,CONVERT_DIFF,CONVERT_DIFF_YOY,ABLE_OCI_OTHER,ABLE_OCI_OTHER_YOY,ABLE_OCI_BALANCE,ABLE_OCI_BALANCE_YOY,OCI_OTHER,OCI_OTHER_YOY,OCI_BALANCE,OCI_BALANCE_YOY,TOTAL_COMPRE_INCOME,TOTAL_COMPRE_INCOME_YOY,PARENT_TCI,PARENT_TCI_YOY,MINORITY_TCI,MINORITY_TCI_YOY,PRECOMBINE_TCI,PRECOMBINE_TCI_YOY,EFFECT_TCI_BALANCE,EFFECT_TCI_BALANCE_YOY,TCI_OTHER,TCI_OTHER_YOY,TCI_BALANCE,TCI_BALANCE_YOY,ACF_END_INCOME,ACF_END_INCOME_YOY,OPINION_TYPE
600354.SH,600354,敦煌种业,10007176,通用,2023-03-31 00:00:00,一季报,2023一季报,058001001,2023-04-29 00:00:00,2023-04-29 00:00:00,CNY,351206675.36,70.2686589423,351206675.36,70.2686589423,,,,,,,,,,,264045490.15,49.7975589243,225502345.57,66.8719551244,,,,,1998248.57,-5.152383929,,,,,,,,,,,,,847738.24,68.4760091704,7652014.27,-27.6227845531,24487659.06,5.1250889249,,,3557484.44,-23.6107018656,4856695.1,-4.1011115049,2705362.97,104.5679830134,,,,,,,13580.0,,437013.21,,,,,,,,193665.05,2942.5173087165,,,-6115343.9,-54.6887760711,2695708.0,9.8105537915,,,0,,84385807.57,185.3772308851,394122.52,-72.2728555876,,,401285.98,154.6132449577,,,,,0,,84378644.11,173.6568402325,24953135.67,17727.9317582519,,,,,,,59425508.44,93.607685895,,,59425508.44,93.607685895,,,24680371.34,208.424808687,34745137.1,53.1182318274,21843824.14,338.4527819344,,,,,0.0468,207.8947368421,0.0468,207.8947368421,,,,,,,,,,,,,,,,,,,,,,,,,,,,,,,,,,,,,,,,,,,,,,,,,,,59425508.44,93.607685895,24680371.34,208.424808687,34745137.1,53.1182318274,,,,,,,,,,,
600354.SH,600354,敦煌种业,10007176,通用,2022-12-31 00:00:00,年报,2022年报,058001001,2023-04-20 00:00:00,2023-04-20 00:00:00,CNY,1004680753.38,8.9520263244,1004680753.38,8.9520263244,,,,,,,,,,,954146000.08,2.953393314,759375168.77,4.8176323557,,,,,19637325.5,32.4668758144,,,,,,,,,,,,,7277939.75,4.8162417668,45696988.42,-16.0821739508,109374767.14,5.9935249991,,,12783810.5,-44.150177471,21832381.44,-17.4902434191,6624058.38,44.7383975613,,,,,,,,,-298500.73,-289.7568245223,,,,,,,2107792.62,-87.0452458181,-4793895.12,-156.3359942994,-3472128.61,38.098048446,12479454.54,3.9744993927,,,0,,56557476.0,111.9277191721,8250189.45,-24.6183347407,,,8544750.63,455.4578387103,,,,,0,,56262914.82,55.8815130488,-7338898.1,-23.3818458075,,,,,,,63601812.92,51.2833933655,,,63601812.92,51.2833933655,,,20009529.61,121.0719123068,43592283.31,32.136416971,6923474.34,129.1897665393,,,,,0.0379,120.3488372093,0.0379,120.3488372093,841449.55,147.8969682014,841449.55,147.8969682014,,,,,,,841449.55,147.8969682014,,,841449.55,147.8969682014,,,,,,,,,,,,,,,,,,,,,,,,,,,,,,,,,,,64443262.47,59.9695229847,20850979.16,185.851101826,43592283.31,32.136416971,,,,,,,,,,,标准无保留意见
600354.SH,600354,敦煌种业,10007176,通用,2022-09-30 00:00:00,三季报,2022三季报,058001001,2022-10-28 00:00:00,2022-10-28 00:00:00,CNY,403063606.26,-8.5862996282,403063606.26,-8.5862996282,,,,,,,,,,,427770519.62,-10.4850349109,295138500.97,-12.3649291324,,,,,10411739.14,23.8182110991,,,,,,,,,,,,,3661325.39,12.0259368797,33401156.99,-17.1130724644,75942894.57,2.5360778325,,,9214902.56,-38.7947021497,14388957.74,-18.9415593775,4288522.22,41.2828742024,,,,,,,,,388586.18,147.0241180652,,,,,,,1530916.1,-88.4819569654,242892.27,118.5751106092,-3732804.19,7.1627473712,6301913.23,-22.449368385,,,0,,-19975409.77,3.5326580364,3734069.67,-60.0425862536,,,1297400.69,370.2313486988,,,,,0,,-17538740.79,-50.7062769437,959987.13,94.8344572929,,,,,,,-18498727.92,-52.4986975736,,,-18498727.92,-52.4986975736,,,-34698706.13,-54.3706068978,16199978.21,56.5651350902,-42832959.62,12.3193354226,,,,,-0.0657,-54.2253521127,-0.0657,-54.2253521127,,,,,,,,,,,,,,,,,,,,,,,,,,,,,,,,,,,,,,,,,,,,,,,,,,,-18498727.92,-52.4986975736,-34698706.13,-54.3706068978,16199978.21,56.5651350902,,,,,,,,,,,
600354.SH,600354,敦煌种业,10007176,通用,2022-06-30 00:00:00,中报,2022中报,058001001,2022-08-26 00:00:00,2022-08-26 00:00:00,CNY,309439732.68,-13.2307803539,309439732.68,-13.2307803539,,,,,,,,,,,294529833.33,-18.9600232624,210484100.75,-21.4679110607,,,,,5530180.87,-3.490810302,,,,,,,,,,,,,3177035.03,5.0143630266,20359817.91,-23.3559205819,48032996.45,-0.9661903345,,,6945702.32,-40.0890957491,10099109.11,-23.5996730909,2930325.98,45.7196475013,,,,,,,,,,,,,,,,,848829.33,-92.9763387026,,,-4218176.52,-64.0271533761,4560693.68,2.7359930147,,,0,,16101245.84,172.2369144387,2941468.11,-41.4260245503,,,1189361.83,368.7558448565,,,,,0,,17853352.12,67.1271412723,416457.09,38.9890042863,,,,,,,17436895.03,67.9391636337,,,17436895.03,67.9391636337,,,-6369679.48,-55.1781910084,23806574.51,64.3236187924,-11545762.39,49.0684598775,,,,,-0.0121,-55.1282051282,-0.0121,-55.1282051282,,,,,,,,,,,,,,,,,,,,,,,,,,,,,,,,,,,,,,,,,,,,,,,,,,,17436895.03,67.9391636337,-6369679.48,-55.1781910084,23806574.51,64.3236187924,,,,,,,,,,,
600354.SH,600354,敦煌种业,10007176,通用,2022-03-31 00:00:00,一季报,2022一季报,058001001,2022-04-28 00:00:00,2023-04-29 00:00:00,CNY,206266189.88,-4.8836557146,206266189.88,-4.8836557146,,,,,,,,,,,176268219.62,-9.7182470592,135134957.46,-12.9289496025,,,,,2106798.94,7.7271317627,,,,,,,,,,,,,503180.39,35.1848441352,10572407.66,12.8201871412,23293829.58,-0.6027540202,,,4657045.59,-5.1046038502,5064391.44,-17.4567643541,1322476.24,17.3357216484,,,,,,,,,,,,,,,,,6365.29,-99.9466658582,1064030.0,426.1148538002,-3953321.02,31.2273890455,2454871.51,2.2097016348,,,0,,29569916.04,-1.2571436865,1421432.06,-64.8855700789,,,157606.09,-32.0072806345,,,,,0,,30833742.01,-8.6748225365,139966.52,-55.1731479808,,,,,,,30693775.49,-8.2407896957,,,30693775.49,-8.2407896957,,,8002070.73,-50.5527942047,22691704.76,31.4144041023,4982024.3,2470.6495889406,,,,,0.0152,-50.4885993485,0.0152,-50.4885993485,,,,,,,,,,,,,,,,,,,,,,,,,,,,,,,,,,,,,,,,,,,,,,,,,,,30693775.49,-8.2407896957,8002070.73,-50.5527942047,22691704.76,31.4144041023,,,,,,,,,,,
600354.SH,600354,敦煌种业,10007176,通用,2021-12-31 00:00:00,年报,2021年报,058001001,2022-03-24 00:00:00,2023-04-20 00:00:00,CNY,922131315.29,-3.3618695015,922131315.29,-3.3618695015,,,,,,,,,,,926774698.11,-11.5734481947,724472735.84,-11.6254601046,,,,,14824329.01,109.3936353675,,,,,,,,,,,,,6943522.9,-15.811870289,54454447.37,-4.5500943618,103190045.94,-14.1068621856,,,22889617.05,-36.0307190031,26460363.41,-22.4666516309,4576572.97,23.1309315864,,,,,,,,,157306.98,-99.7138875958,,,,,,,16270417.72,-84.4914250299,8509471.04,-50.7809734086,-5609077.78,91.0166175459,12002418.49,-28.9844167937,,,0,,26687153.63,-29.3667591623,10944557.17,80.6826621696,,,1538325.69,-87.1168530729,,,,,0,,36093385.11,13.1473828754,-5948118.26,-191.2638377251,,,,,,,42041503.37,65.6354629033,,,42041503.37,65.6354629033,,,9051140.6,-69.362756559,32990362.77,892.8492267774,-23718841.09,83.6392668717,,,,,0.0172,-69.2857142857,0.0172,-69.2857142857,-1756790.84,,-1756790.84,,,,,,,,-1756790.84,,,,-1756790.84,,,,,,,,,,,,,,,,,,,,,,,,,,,,,,,,,,,,40284712.53,58.714043813,7294349.76,-75.309325176,32990362.77,892.8492267774,,,,,,,,,,,标准无保留意见
600354.SH,600354,敦煌种业,10007176,通用,2021-09-30 00:00:00,三季报,2021三季报,058001001,2021-10-28 00:00:00,2022-10-28 00:00:00,CNY,440922536.36,-27.314311373,440922536.36,-27.314311373,,,,,,,,,,,477875983.3,-31.1030510411,336781265.82,-35.1150770176,,,,,8408891.59,119.6199974502,,,,,,,,,,,,,3268283.66,-30.4680867846,40297255.53,-17.9107474446,74064559.69,-20.4990294948,,,15055727.01,-36.7012898208,17751337.96,-56.538683436,3035415.47,-80.9172938431,,,,,,,,,157306.98,-99.7092227001,,,,,,,13291460.15,-87.3161482233,-1307622.2,-418.8962008538,-4020804.24,82.7641262399,8126192.01,-35.0434416575,,,0,,-20706914.24,-134.2176200347,9345123.52,67.1648480594,,,275906.89,-96.0634858359,,,,,0,,-11637697.61,-119.6926002891,492719.38,20.4319727638,,,,,,,-12130416.99,-120.6694442972,,,-12130416.99,-120.6694442972,,,-22477534.31,-130.2557882283,10347117.32,166.3106522911,-48851089.15,47.0219716128,,,,,-0.0426,-130.2556818182,-0.0426,-130.2556818182,,,,,,,,,,,,,,,,,,,,,,,,,,,,,,,,,,,,,,,,,,,,,,,,,,,-12130416.99,-120.6694442972,-22477534.31,-130.2557882283,10347117.32,166.3106522911,,,,,,,,,,,
600354.SH,600354,敦煌种业,10007176,通用,2021-06-30 00:00:00,中报,2021中报,058001001,2021-08-12 00:00:00,2022-08-26 00:00:00,CNY,356623851.11,-13.3120052037,356623851.11,-13.3120052037,,,,,,,,,,,363437707.15,-21.2321406848,268023050.95,-21.8836612612,,,,,5730211.69,103.9998256275,,,,,,,,,,,,,3025333.81,-21.2618627582,26564110.45,-20.5892617405,48501614.36,-20.0608142446,,,11593385.89,-33.8282335174,13218672.64,-32.9383724532,2010934.03,21.854315218,,,,,,,,,83224.04,-74.5843760807,,,,,,,12085282.79,53.026275449,-1307830.04,-7634.4989511974,-2571633.07,68.9016783492,4439236.48,-28.0860062525,,,0,,5914424.16,113.2166737927,5021800.36,14.3327966559,,,253727.36,-96.2199452388,,,,,0,,10682497.16,122.6950522648,299633.12,109.4128962574,,,,,,,10382864.04,123.6584468117,,,10382864.04,123.6584468117,,,-4104751.73,87.9940153171,14487615.77,249.3986702848,-22669179.77,53.5603393251,,,,,-0.0078,87.962962963,-0.0078,87.962962963,,,,,,,,,,,,,,,,,,,,,,,,,,,,,,,,,,,,,,,,,,,,,,,,,,,10382864.04,123.6584468117,-4104751.73,87.9940153171,14487615.77,249.3986702848,,,,,,,,,,,
600354.SH,600354,敦煌种业,10007176,通用,2021-03-31 00:00:00,一季报,2021一季报,058001001,2021-04-29 00:00:00,2022-04-28 00:00:00,CNY,216856725.76,12.0522696307,216856725.76,12.0522696307,,,,,,,,,,,195242353.94,-7.919131833,155200789.29,-4.9010176572,,,,,1955680.9,185.717535311,,,,,,,,,,,,,372216.57,-80.2558217059,9371024.75,-41.309041816,23435085.5,12.8162064076,,,4907556.93,-48.4779392371,6135440.9,-43.5274722814,1127087.49,12.8378682443,,,,,,,,,70145.73,-93.224398403,,,,,,,11934737.83,35.1909841602,-326274.62,,-5748394.55,16.5070946386,2401798.92,-54.3556011408,,,0,,29946385.13,382.4906979984,4047999.82,124.9840258833,,,231798.48,24.9579813903,,,,,0,,33762586.47,475.6782491927,312238.12,88.9778249916,,,,,,,33450348.35,465.4846494287,,,33450348.35,465.4846494287,,,16183059.49,303.3590405669,17267288.86,1545.6257091596,193804.1,100.8249005575,,,,,0.0307,303.3112582781,0.0307,303.3112582781,,,,,,,,,,,,,,,,,,,,,,,,,,,,,,,,,,,,,,,,,,,,,,,,,,,33450348.35,465.4846494287,16183059.49,303.3590405669,17267288.86,1545.6257091596,,,,,,,,,,,
600354.SH,600354,敦煌种业,10007176,通用,2020-12-31 00:00:00,年报,2020年报,058001001,2021-04-29 00:00:00,2022-05-18 00:00:00,CNY,954210631.49,-19.388316768,954210631.49,-19.388316768,,,,,,,,,,,1048072868.6,-22.681505694,819775397.64,-22.6891738797,,,,,7079646.42,-1.4343271876,,,,,,,,,,,,,8247626.98,-11.2398707526,57050289.37,-44.4957336202,120137706.65,-14.3125639789,,,35782201.54,0.2329456617,34127719.19,-13.8105296198,3716834.52,-8.277440644,,,,,,,,,54980831.91,775.7714845381,,,,,,,104912396.86,11762.8593046373,17288986.86,139.6669391567,-62438372.28,-209.0672060098,16901105.29,26.1325851787,,,0,,37782711.53,117.4456024413,6057336.68,-30.3607123908,,,11940605.03,205.0530112094,,,,,0,,31899443.18,115.0617893677,6517497.41,60.084132885,,,,,,,25381945.77,111.7584227941,,,25381945.77,111.7584227941,,,29542933.97,117.3829089504,-4160988.2,90.9362281341,-144974194.64,23.0608972865,,,,,0.056,117.3913043478,0.056,117.3913043478,,,,,,,,,,,,,,,,,,,,,,,,,,,,,,,,,,,,,,,,,,,,,,,,,,,25381945.77,111.7584227941,29542933.97,117.3829089504,-4160988.2,90.9362281341,,,,,,,,,,,标准无保留意见
600354.SH,600354,敦煌种业,10007176,通用,2020-09-30 00:00:00,三季报,2020三季报,058001001,2020-10-30 00:00:00,2021-10-28 00:00:00,CNY,606615338.85,-11.4149200482,606615338.85,-11.4149200482,,,,,,,,,,,693609790.45,-15.7308808817,519043947.87,-19.3547355549,,,,,3828836.94,-23.1896435763,,,,,,,,,,,,,4700408.07,-11.5571091017,49089563.22,-4.7967654917,93161830.88,2.1746603461,,,23785203.47,-10.0201666555,40843994.99,34.6325565732,15906630.04,342.394573012,,,,,,,-971512.6,-107.8242545896,54098782.83,612.7074935883,,,,,,,104790408.97,161801.504771201,410046.34,141.4048344981,-23328113.77,-166.173954054,12510194.84,65.7671642186,,,0,,60515355.01,143.6668831457,5590364.02,120.5540234844,,,7008913.94,203.4111848779,,,,,0,,59096805.09,142.7125205294,409126.72,-90.7314473785,,,,,,,58687678.37,141.1054189966,,,58687678.37,141.1054189966,,,74291683.1,324.3361701137,-15604004.73,85.7702153456,-92210092.82,20.9195251249,,,,,0.1408,167.7574590953,0.1408,167.7574590953,,,,,,,,,,,,,,,,,,,,,,,,,,,,,,,,,,,,,,,,,,,,,,,,,,,58687678.37,141.1054189966,74291683.1,324.3361701137,-15604004.73,85.7702153456,,,,,,,,,,,
600354.SH,600354,敦煌种业,10007176,通用,2020-06-30 00:00:00,中报,2020中报,058001001,2020-08-28 00:00:00,2021-08-12 00:00:00,CNY,411387818.98,-9.7281709738,411387818.98,-9.7281709738,,,,,,,,,,,461403560.17,-15.6783703598,343107543.54,-19.8889123238,,,,,2808929.7,-9.2805157672,,,,,,,,,,,,,3842272.52,-15.0197085442,33451534.43,-10.2876297868,60673140.34,7.4207095943,,,17520139.64,0.0116508078,19711231.48,-3.2686292699,1650277.24,-48.7308898148,,,,,,,-879924.8,-106.4493933941,327452.28,102.5645117329,,,,,,,7897521.36,359609.336975077,17357.89,101.9618638512,-8269362.89,27.9829040606,6172980.04,77.4780505403,,,0,,-44749717.31,55.0208906356,4392265.83,77.628764092,,,6712266.78,219.2143831828,,,,,0,,-47069718.26,52.5124035562,-3183219.19,-185.0465413002,,,,,,,-43886499.07,57.3349754157,,,-43886499.07,57.3349754157,,,-34189213.45,58.1657645375,-9697285.62,54.1228354937,-48814266.6,42.6463327625,,,,,-0.0648,58.1395348837,-0.0648,58.1395348837,,,,,,,,,,,,,,,,,,,,,,,,,,,,,,,,,,,,,,,,,,,,,,,,,,,-43886499.07,57.3349754157,-34189213.45,58.1657645375,-9697285.62,54.1228354937,,,,,,,,,,,
600354.SH,600354,敦煌种业,10007176,通用,2020-03-31 00:00:00,一季报,2020一季报,058001001,2020-04-30 00:00:00,2021-04-29 00:00:00,CNY,193531756.63,1.441718365,193531756.63,1.441718365,,,,,,,,,,,212033572.04,-6.3046423108,163199211.46,-3.8986847757,,,,,684480.53,-55.2134531595,,,,,,,,,,,,,1885196.56,132.3742806563,15966726.46,-4.2876024647,20772800.51,-25.6457775985,,,9525156.52,0.0343073703,10864470.12,5.2596029975,998855.71,-38.8253132125,,,,,,,-339440.56,-104.421512709,1035269.4,120.5709839791,,,,,,,8828057.51,189592.418154314,,,-6884889.83,39.3394046741,5261979.52,385.0717857875,,,0,,-10600839.37,75.4245422779,1799238.77,-1.6298073063,,,185501.14,-65.7326940454,,,,,0,,-8987101.74,78.5245019921,165224.74,-43.5268896339,,,,,,,-9152326.48,78.2815224778,,,-9152326.48,78.2815224778,,,-7957875.61,77.5661276351,-1194450.87,82.0872137856,-23494237.97,40.6768850358,,,,,-0.0151,77.5297619048,-0.0151,77.5297619048,,,,,,,,,,,,,,,,,,,,,,,,,,,,,,,,,,,,,,,,,,,,,,,,,,,-9152326.48,78.2815224778,-7957875.61,77.5661276351,-1194450.87,82.0872137856,,,,,,,,,,,
600354.SH,600354,敦煌种业,10007176,通用,2019-12-31 00:00:00,年报,2019年报,058001001,2020-03-20 00:00:00,2021-04-29 00:00:00,CNY,1183712575.19,54.2358653129,1183712575.19,54.2358653129,,,,,,,,,,,1355526744.29,38.6481749387,1060363003.19,55.6136584168,,,,,7182669.4,-32.070828036,,,,,,,,,,,,,9292040.3,-8.6299235239,102785412.89,0.7829641572,140204576.34,0.9085323584,,,35699042.17,3.1951587904,39596158.37,-5.7301035514,4052257.75,-38.4762257386,,,,,,,12879491.0,245.0029444304,-8136009.46,-212.0773847377,,,,,,,884376.98,-73.8067941513,-43585381.75,40.2780233648,-20202199.09,,13399475.85,20.0839336185,,,0,,-216574415.57,19.8683527117,8698160.03,40.2821368294,,,3914272.14,-0.4262265068,,,,,0,,-211790527.68,20.9748076137,4071295.07,224.6448364114,,,,,,,-215861822.75,18.4619379858,,,-215861822.75,18.4619379858,,,-169953913.09,21.8879844501,-45907909.66,2.6556537532,-188427197.0,17.2825043271,,,,,-0.322,21.8825812712,-0.322,21.8825812712,,,,,,,,,,,,,,,,,,,,,,,,,,,,,,,,,,,,,,,,,,,,,,,,,,,-215861822.75,18.4619379858,-169953913.09,21.8879844501,-45907909.66,2.6556537532,,,,,,,,,,,标准无保留意见
600354.SH,600354,敦煌种业,10007176,通用,2019-09-30 00:00:00,三季报,2019三季报,058001001,2019-10-31 00:00:00,2021-04-29 00:00:00,CNY,684782741.27,86.8402361287,684782741.27,86.8402361287,,,,,,,,,,,823088929.5,61.5466181854,643613672.1,97.4992198848,,,,,4984792.57,-25.4502333743,,,,,,,,,,,,,5314625.09,-19.3258651502,51562915.35,-10.2291940342,91178997.38,0.3042597175,,,26433927.01,20.1063312729,30337383.49,-3.1981332895,3595575.31,-56.8001539182,,,,,,,12416679.3,236.8313395486,-10551588.09,-255.320385656,,,,,,,64724.79,-96.8485976229,-990334.45,94.4011346947,-8764236.1,,7546847.35,155.6635283512,,,0,,-138584095.43,12.2673562923,2534691.47,-11.7293911081,,,2310038.09,7.4807559461,,,,,0,,-138359442.05,12.0072499936,4414138.18,987.0249459983,,,,,,,-142773580.23,9.4338703797,,,-142773580.23,9.4338703797,,,-33116230.46,73.2792684561,-109657349.77,-225.2858475011,-116602856.73,7.0871122638,,,,,-0.2078,11.4991482112,-0.2078,11.4991482112,,,,,,,,,,,,,,,,,,,,,,,,,,,,,,,,,,,,,,,,,,,,,,,,,,,-142773580.23,9.4338703797,-33116230.46,73.2792684561,-109657349.77,-225.2858475011,,,,,,,,,,,
600354.SH,600354,敦煌种业,10007176,通用,2019-06-30 00:00:00,中报,2019中报,058001001,2019-08-30 00:00:00,2021-04-29 00:00:00,CNY,455721151.79,121.0956249517,455721151.79,121.0956249517,,,,,,,,,,,547194785.18,83.4015912241,428289708.07,149.7365744816,,,,,3096280.5,-28.2702695964,,,,,,,,,,,,,4521368.96,-17.3329129169,37287538.33,-11.6851190044,56481790.68,-8.8198315833,,,17518098.64,35.6954851634,20377289.53,10.3900586374,3218852.9,-43.2769804059,,,,,,,13643528.1,615.689815681,-12768601.36,-284.3248499026,,,,,,,-2196.75,-100.1141260921,-884765.27,95.2708638502,-11482499.79,,3478165.34,165.0225913018,,,0,,-99490003.12,3.8087254008,2472722.17,43.1415742399,,,2102745.72,-2.1501742014,,,,,0,,-99120026.67,4.555381978,3742914.34,983.2291568664,,,,,,,-102862941.01,0.5454196427,,,-102862941.01,0.5454196427,,,-81725441.07,-2.7243717894,-21137499.94,11.4439613917,-85110977.12,-0.398643105,,,,,-0.1548,-2.7206370272,-0.1548,-2.7206370272,,,,,,,,,,,,,,,,,,,,,,,,,,,,,,,,,,,,,,,,,,,,,,,,,,,-102862941.01,0.5454196427,-81725441.07,-2.7243717894,-21137499.94,11.4439613917,,,,,,,,,,,
600354.SH,600354,敦煌种业,10007176,通用,2019-03-31 00:00:00,一季报,2019一季报,058001001,2019-04-26 00:00:00,2021-04-29 00:00:00,CNY,190781228.62,122.7486502671,190781228.62,122.7486502671,,,,,,,,,,,226301043.37,58.6987175446,169819956.24,132.7883995886,,,,,1528317.27,-14.3605588741,,,,,,,,,,,,,811275.91,-35.327713525,16681983.6,-23.7529881624,27937620.54,2.9569313153,,,9521889.81,26.8527224368,10321595.19,12.502381927,1632792.52,-47.7682318552,11349855.36,12.5069113827,,,,,7677023.28,1257.3861394498,-5032668.35,-374.9583667133,,,,,,,4653.88,104.9616946021,,,-11349855.36,,1084783.67,44.991602176,,,0,,-43135877.63,21.7530065744,1829048.74,351.2759085362,,,541335.64,-49.261818371,,,,,0,,-41848164.53,24.9891125167,292572.41,4322.2079352091,,,,,,,-42140736.94,24.4553070029,,,-42140736.94,24.4553070029,,,-35472590.2,14.2580934022,-6668146.74,53.7293098471,-39603850.85,6.6902035412,,,,,-0.0672,14.2857142857,-0.0672,14.2857142857,,,,,,,,,,,,,,,,,,,,,,,,,,,,,,,,,,,,,,,,,,,,,,,,,,,-42140736.94,24.4553070029,-35472590.2,14.2580934022,-6668146.74,53.7293098471,,,,,,,,,,,
600354.SH,600354,敦煌种业,10007176,通用,2018-12-31 00:00:00,年报,2018年报,058001001,2019-03-30 00:00:00,2020-03-20 00:00:00,CNY,767469079.12,58.1828231805,767469079.12,58.1828231805,,,,,,,,,,,977673701.72,12.0796703503,681407412.42,57.4806813885,,,,,10573762.63,-29.1933584981,,,,,,,,,,,,,10169675.52,-4.2339049012,101986892.08,-5.7499922275,138942241.12,-14.6375361048,,,34593717.95,-41.5724549544,42002972.17,-31.919972566,6586490.83,21.932881695,72980474.2,-12.9869299717,,,,,-8882227.22,-114.1965783158,7259278.47,-97.8858797909,,,,,,,3376360.21,-73.5753572636,-72980474.2,,,,11158425.15,69.5757747947,,,0,,-270273260.19,-846.9304213078,6200475.86,8.8750344802,,,3931027.22,-49.1464364135,,,,,0,,-268003811.55,-776.4855869066,-3266316.67,-105.978927259,,,,,,,-264737494.88,-210.697142977,,,-264737494.88,-210.697142977,,,-217577170.29,-949.7258497367,-47160324.59,57.4415794335,-227796061.12,30.957534221,,,,,-0.4122,-949.8969072165,-0.4122,-949.8969072165,,,,,,,,,,,,,,,,,,,,,,,,,,,,,,,,,,,,,,,,,,,,,,,,,,,-264737494.88,-210.697142977,-217577170.29,-949.7258497367,-47160324.59,57.4415794335,,,,,,,,,,,标准无保留意见
600354.SH,600354,敦煌种业,10007176,通用,2018-09-30 00:00:00,三季报,2018三季报,058001001,2018-10-31 00:00:00,2019-10-31 00:00:00,CNY,366507105.46,81.187814978,366507105.46,81.187814978,,,,,,,,,,,509505515.34,8.2133724828,325881627.52,46.07901149,,,,,6686530.08,-7.9658772179,,,,,0.0,,,,,,,,6587768.31,12.8720172276,57438400.82,-4.6328908417,90902417.94,-18.3978623062,,,22008770.67,-36.2427131106,31339667.84,-39.1781189036,8323120.65,-57.2746680111,17688127.79,-37.9387197761,,,0.0,,-9074441.09,-340.7660622666,6793434.13,-97.9309340835,,,,,,,2053840.87,-80.4806796165,-17688127.79,,,,2951867.01,62.2083192537,,,0,,-157961836.75,-325.4582986994,2871501.06,-15.3480791805,,,2149257.39,-11.2127627328,,,0.0,,0,,-157239593.08,-321.3582248916,406075.15,-87.1686990604,,,,,,,-157645668.23,-332.2784098003,,,-157645668.23,-332.2784098003,,,-123934595.15,-199.8111566104,-33711073.08,40.1222228484,-125496967.72,41.6815011175,,,,,-0.2348,-199.7875053124,-0.2348,-199.7875053124,,,,,,,,,,,,,,,,,,,,,,,,,,,,,,,,,,,,,,,,,,,,,,,,,,,-157645668.23,-332.2784098003,-123934595.15,-199.8111566104,-33711073.08,40.1222228484,,,,,,,,,,,
600354.SH,600354,敦煌种业,10007176,通用,2018-06-30 00:00:00,中报,2018中报,058001001,2018-08-29 00:00:00,2019-08-30 00:00:00,CNY,206119479.7,44.3705668175,206119479.7,44.3705668175,,,,,,,,,,,298358799.14,-2.4854179086,171496589.54,25.4209677534,,,,,4316592.97,,,,,,0.0,,,,,,,,5469370.12,29.7392500805,42221127.3,-0.5407549704,61945258.12,-11.5105077514,,,12909861.09,-43.8228386454,18459352.03,,5674685.38,,18708813.66,-36.7444720577,,,0.0,,-2645685.0,-33.0139298355,6927227.32,-97.8634779656,,,,,,,1924844.67,-77.1539376431,-18708813.66,,,,1312403.34,-23.0473349039,,,0,,-103429342.77,-161.1361378526,1727466.1,-19.6111354932,,,2148951.93,24.5441109785,15741.15,110.0416839784,0.0,,0,,-103850828.6,-161.2320183218,-423776.13,-112.4388800297,,,,,,,-103427052.47,-162.2322376262,,,-103427052.47,-162.2322376262,,,-79557985.75,-141.0111112266,-23869066.72,14.127684195,-84773035.26,40.2298632692,,,,,-0.1507,-141.0068027211,-0.1507,-141.0068027211,,,,,,,,,,,,,,,,,,,,,,,,,,,,,,,,,,,,,,,,,,,,,,,,,,,-103427052.47,-162.2322376262,-79557985.75,-141.0111112266,-23869066.72,14.127684195,,,,,,,,,,,
600354.SH,600354,敦煌种业,10007176,通用,2018-03-31 00:00:00,一季报,2018一季报,058001001,2018-04-27 00:00:00,2019-04-26 00:00:00,CNY,85648657.53,-5.4290752115,85648657.53,-5.4290752115,,,,,,,,,,,142597903.04,-2.9096303113,72950351.71,7.4934922501,,,,,1784595.1,,,,,,0,,,,,,,,1254441.36,2009.5870775878,21878868.69,-7.2650674228,27135249.84,-14.6956426586,,,7506255.78,-33.981940164,9174557.03,,3126052.55,,10088140.56,-17.9777360204,,,0,,-663307.0,-14.7237398306,1830338.32,-99.4334342549,,,,,,,-93796.18,-188.2834771779,,,,,748170.0,,,,0,,-55127840.37,-120.7029053806,405306.09,-79.9710221169,,,1066919.67,542.6698080146,,,0,,0,,-55789453.95,-120.8062250388,-6929.37,-100.7480960278,,,,,,,-55782524.58,-120.8757548172,,,-55782524.58,-120.8757548172,,,-41371356.91,-115.1153897625,-14411167.67,-121.9996309467,-42443400.75,21.3816064351,,,,,-0.0784,-115.1176243733,-0.0784,-115.1176243733,,,,,,,,,,,,,,,,,,,,,,,,,,,,,,,,,,,,,,,,,,,,,,,,,,,-55782524.58,-120.8757548172,-41371356.91,-115.1153897625,-14411167.67,-121.9996309467,,,,,,,,,,,
600354.SH,600354,敦煌种业,10007176,通用,2017-12-31 00:00:00,年报,2017年报,058001001,2018-04-27 00:00:00,2019-03-30 00:00:00,CNY,485178519.19,-25.9425003265,485178519.19,-25.9425003265,,,,,,,,,,,872302442.24,-16.2411449131,432692700.09,-13.9412352033,,,,,14933292.14,,,,,,0,,,,,,,,10619285.99,-4.4403674472,108208895.14,-16.1253637172,162767374.3,-16.0600495413,,,59207892.31,7.3261692389,61696467.75,,5401734.74,,83873002.27,-43.8813464447,,,0,,-4146764.29,-265.2793097835,343371130.87,753.9701408281,,,,,,,12777316.4,1258.3391095246,,,,,6580200.01,,,,0,,-28542040.06,91.7578404696,5695039.17,-61.2813503922,,,7730091.94,167.1452938729,,,0,,0,,-30577092.83,90.8582659835,54630480.16,542.5519877687,,,,,,,-85207572.99,73.5489971421,,,-85207572.99,73.5489971421,,,25605572.71,110.0794024266,-110813145.7,-62.7331107333,-329936161.1,-7.7884817889,,,,,0.0485,110.0768751299,0.0485,110.0768751299,,,,,,,,,,,,,,,,,,,,,,,,,,,,,,,,,,,,,,,,,,,,,,,,,,,-85207572.99,73.5489971421,25605572.71,110.0794024266,-110813145.7,-62.7331107333,,,,,,,,,,,标准无保留意见
600354.SH,600354,敦煌种业,10007176,通用,2017-09-30 00:00:00,三季报,2017三季报,058001001,2017-10-31 00:00:00,2018-10-31 00:00:00,CNY,202280217.08,-5.759080879,202280217.08,-5.759080879,,,,,,,,,,,470834152.61,-8.7715068727,223085865.79,19.1764425266,,,,,7265272.79,,,,,,0,,,,,,,,5836493.82,-7.3981130735,60228732.24,-5.5203906698,111397103.69,-4.9479142718,,,34519616.1,15.0540752668,51526962.46,,19480528.91,,28501068.18,-74.476334006,,,0,,-2058788.52,-654.7203811015,328333383.48,1222.6442825272,,,,,,,10522092.11,,,,,,1819800.01,,,,0,,70062551.55,125.3014281726,3392127.47,-68.3887304255,,,2420682.81,-32.6216582884,-156758.07,-116.1585318274,0,,0,,71033996.21,126.3309891294,3164723.14,115.7032135478,,,,,,,67869273.07,127.1890342893,,,67869273.07,,,,124169080.25,170.4160365897,-56299807.18,23.175491805,-215192383.42,-11.396507295,,,,,0.2353,170.4280155642,0.2353,170.4280155642,,,,,,,,,,,,,,,,,,,,,,,,,,,,,,,,,,,,,,,,,,,,,,,,,,,67869273.07,127.1890342893,124169080.25,170.4160365897,-56299807.18,23.175491805,,,,,,,,,,,
600354.SH,600354,敦煌种业,10007176,通用,2017-06-30 00:00:00,中报,2017中报,058001001,2017-08-31 00:00:00,2018-08-29 00:00:00,CNY,142771123.12,5.5985988862,142771123.12,5.5985988862,,,,,,,,,,,305963264.92,2.0903343715,136736777.44,11.7049410296,,,,,,,,,,,0,,,,,,,,4215663.43,-23.9183252084,42450681.47,0.1702595948,70002953.51,-9.8845975427,,,22980621.98,10.0268300489,,,,,29576567.09,-3.9794869769,,,0,,-1989028.52,-967.9921176976,324229154.14,1466.3689834947,,,,,,,8425279.77,,,,,,1705468.34,,,,0,,169178731.93,217.4985545574,2148887.3,-75.4537810997,,,1725454.47,-18.7582621096,-156758.07,-116.1585318274,0,,0,,169602164.76,223.4789766919,3406867.25,1493.4021926293,,,,,,,166195297.51,220.8105446357,,,166195297.51,,,,193991294.97,287.8571956147,-27795997.46,18.9658424415,-141831757.29,-18.2918224748,,,,,0.3675,287.7874297394,0.3675,287.7874297394,,,,,,,,,,,,,,,,,,,,,,,,,,,,,,,,,,,,,,,,,,,,,,,,,,,166195297.51,220.8105446357,193991294.97,287.8571956147,-27795997.46,18.9658424415,,,,,,,,,,,
600354.SH,600354,敦煌种业,10007176,通用,2017-03-31 00:00:00,一季报,2017一季报,058001001,2017-04-28 00:00:00,2018-04-27 00:00:00,CNY,90565528.17,-15.1204355157,90565528.17,-15.1204355157,,,,,,,,,,,146871315.35,-20.7800376651,67864900.64,-19.3657225952,,,,,,,,,,,0,,,,,,,,-65691.76,-110.7724921116,23592909.47,4.9767845084,31809922.36,8.4084123402,,,11370003.6,-0.1432477592,,,,,12299271.04,-67.1316620522,,,0,,-578177.63,-286.1186640914,323058415.67,7642.3687042671,,,,,,,106244.32,,,,,,,,,,0,,266280695.18,458.7976057231,2023598.47,-66.269969921,,,166013.66,-72.2044809688,,,0,,0,,268138279.99,489.6644731434,926267.45,68.270115162,,,,,,,267212012.54,485.2367099715,,,267212012.54,,,,273703540.3,558.5345417928,-6491527.76,32.8842606695,-53986603.93,16.9434791825,,,,,0.5186,500.772797527,0.5186,500.772797527,,,,,,,,,,,,,,,,,,,,,,,,,,,,,,,,,,,,,,,,,,,,,,,,,,,267212012.54,485.2367099715,273703540.3,558.5345417928,-6491527.76,32.8842606695,,,,,,,,,,,
600354.SH,600354,敦煌种业,10007176,通用,2016-12-31 00:00:00,年报,2016年报,058001001,2017-04-28 00:00:00,2018-04-27 00:00:00,CNY,655137590.83,-49.7604145765,655137590.83,-49.7604145765,,,,,,,,,,,1041445040.45,-24.2931063959,502787486.1,-45.0144529963,,,,,,,,,,,0.0,,,,,,,,11112732.13,1185.1074486394,129012655.0,-29.3783740321,193909304.7,7.1511940854,,,55166314.73,-18.5420696286,,,,,149456547.79,415.5357220081,,,0.0,,-1135231.09,-700.0164323467,40208798.23,-74.7736815544,,,,,,,940657.33,,,,,,,,,,0,,-346293225.15,-493.6028368997,14708775.3,-14.9253551014,4404278.65,106.2698686692,2893590.91,-74.4478772363,3463621.32,148.3572191763,0.0,,0,,-334478040.76,-456.034663083,-12344420.92,-132.64717734,,,,,,,-322133619.84,-673.8679228111,,,-322133619.84,,,,-254038598.98,-1236.8798418615,-68095020.86,-301.5330686123,-306095934.95,-110.9042361651,,,,,-0.4813,-1092.3711340206,-0.4813,-1092.3711340206,,,,,,,,,,,,,,,,,,,,,,,,,,,,,,,,,,,,,,,,,,,,,,,,,,,-322133619.84,-673.8679228111,-254038598.98,-1236.8798418615,-68095020.86,-301.5330686123,,,,,,,,,,,标准无保留意见
600354.SH,600354,敦煌种业,10007176,通用,2016-09-30 00:00:00,三季报,2016三季报,058001001,2016-10-29 00:00:00,2017-10-31 00:00:00,CNY,214641600.45,-57.9523321727,214641600.45,-57.9523321727,,,,,,,,,,,516104274.52,-23.4039953718,187189566.21,-54.7444159762,,,,,,,,,,,,,,,,,,,6302780.66,719.500992732,63747863.34,-10.6985378232,117195854.08,1.1928738948,,,30002949.5,-46.2306568387,,,,,111665260.73,580.6720507894,,,,,-272788.25,-2731.2221069019,24824012.61,346.3120756064,,,,,,,,,,,,,,,,,0,,-276911449.71,-75.5091780956,10730753.67,163.0500259069,,,3592671.99,-39.4874460652,970125.7,20.8407262394,,,0,,-269773368.03,-68.9951839809,-20153347.15,-1767.6667129702,,,,,,,-249620020.88,-55.1955668163,,,,,,,-176336366.35,-30.1493082264,-73283654.53,-189.0362120404,-193176957.38,-43.1039042602,,,,,-0.3341,-10.2640264026,-0.3341,-10.2640264026,,,,,,,,,,,,,,,,,,,,,,,,,,,,,,,,,,,,,,,,,,,,,,,,,,,-249620020.88,-55.1955668163,-176336366.35,-30.1493082264,-73283654.53,-189.0362120404,,,,,,,,,,,
600354.SH,600354,敦煌种业,10007176,通用,2016-06-30 00:00:00,中报,2016中报,058001001,2016-08-27 00:00:00,2017-08-31 00:00:00,CNY,135201721.07,-57.7807994438,135201721.07,-57.7807994438,,,,,,,,,,,299698562.85,-33.4364775019,122408889.15,-53.0239543226,,,,,,,,,,,,,,,,,,,5540970.86,660.2628665562,42378527.96,-17.6910090694,77681452.45,-4.1735533375,,,20886380.14,-45.7095005136,,,,,30802342.29,71.9360497037,,,,,-186240.0,-106.8755460975,20699411.03,488.4561336738,,,,,,,,,,,,,,,,,0,,-143983670.75,-13.7497127199,8754453.42,162.3844986927,4957436.63,,2123852.24,-61.2076478547,970125.7,61.8647047469,,,0,,-137353069.57,-6.7086849051,213810.88,-77.2586511831,,,,,,,-137566880.45,-6.0998147413,,,,,,,-103265299.12,0.3551979285,-34301581.33,-31.8045487613,-119899883.46,-15.3628873058,,,,,-0.1957,15.2813852814,-0.1957,15.2813852814,,,,,,,,,,,,,,,,,,,,,,,,,,,,,,,,,,,,,,,,,,,,,,,,,,,-137566880.45,-6.0998147413,-103265299.12,0.3551979285,-34301581.33,-31.8045487613,,,,,,,,,,,
600354.SH,600354,敦煌种业,10007176,通用,2016-03-31 00:00:00,一季报,2016一季报,058001001,2016-04-28 00:00:00,2017-04-28 00:00:00,CNY,106698860.58,-36.5002525555,106698860.58,-36.5002525555,,,,,,,,,,,185396850.77,-17.4077589698,84163835.56,-36.405566539,,,,,,,,,,,,,,,,,,,609810.24,-2.5693320281,22474406.68,-12.017166353,29342669.7,0.7309177814,,,11386314.24,-26.9711610442,,,,,37419814.35,76.2046765838,,,,,310650.0,1826.7360325592,4172604.38,1482.0265577415,,,,,,,,,,,,,,,,,0,,-74214735.81,-32.0632698421,5999397.17,130.560134609,,,597267.71,-85.0994414828,,,,,0,,-68812606.35,-19.4609169397,550464.62,1070.856788311,,,,,,,-69363070.97,-20.3183405148,,,,,,,-59690931.73,-16.6728130981,-9672139.24,-49.0621149674,-64999837.94,-26.610192591,,,,,-0.1294,-13.5087719298,-0.1294,-13.5087719298,,,,,,,,,,,,,,,,,,,,,,,,,,,,,,,,,,,,,,,,,,,,,,,,,,,-69363070.97,-20.3183405148,-59690931.73,-16.6728130981,-9672139.24,-49.0621149674,,,,,,,,,,,
600354.SH,600354,敦煌种业,10007176,通用,2015-12-31 00:00:00,年报,2015年报,058001001,2016-04-15 00:00:00,2017-04-28 00:00:00,CNY,1304026666.04,3.8353155453,1304026666.04,3.8353155453,,,,,,,,,,,1375627754.45,-7.8542663457,914399353.1,11.5179360305,,,,,,,,,,,,,,,,,,,864731.75,-68.4697824955,182681513.25,-6.0022182246,180967936.34,0.6995922447,,,67723688.14,-7.1830809383,,,,,28990531.87,-87.0091323956,,,,,189200.0,31215.8621823863,159392256.61,2480.3863477369,-425683.79,84.4223568368,,,,,,,,,,,,,,,0,,87980368.2,136.0991068592,17289258.53,-50.1437133194,2135202.14,-90.3732992617,11324268.19,-31.178399746,1394612.7,148.7308661475,,,0,,93945358.54,141.6617819946,37811602.49,-20.7405784867,,,,,,,56133756.05,120.546655616,,,,,,,22345246.14,106.7101102813,33788509.91,-43.50427889,-145135034.04,58.8255275526,,,,,0.0485,106.5188172043,0.0485,106.5188172043,,,,,,,,,,,,,,,,,,,,,,,,,,,,,,,,,,,,,,,,,,,,,,,,,,,56133756.05,120.546655616,22345246.14,106.7101102813,33788509.91,-43.50427889,,,,,,,,,,,标准无保留意见
600354.SH,600354,敦煌种业,10007176,通用,2015-09-30 00:00:00,三季报,2015三季报,058001001,2015-10-29 00:00:00,2016-10-29 00:00:00,CNY,510472070.25,12.9388669677,510472070.25,12.9388669677,,,,,,,,,,,673800516.13,4.037944304,413627556.13,14.2172026627,,,,,,,,,,,,,,,,,,,769099.82,26.5178414462,71385016.31,-18.7722373743,115814335.11,0.5722448564,,,55799360.26,5.6112456874,,,,,16405148.5,-43.4834083017,,,,,-9635.0,-113.7708977125,5562030.24,4010.4684533977,-528457.37,21.3297013951,,,,,,,,,,,,,,,0,,-157776050.64,19.2770681497,4079358.53,-32.9025755181,,,5937068.85,318.5701783141,802813.53,57.5278964193,,,0,,-159633760.96,16.3312084335,1208475.71,390.7769083544,,,,,,,-160842236.67,15.8064708426,,,,,,,-135487747.69,22.1782563576,-25354488.98,-49.6847024342,-134990696.71,24.1876935334,,,,,-0.303,22.1079691517,-0.303,22.1079691517,,,,,,,,,,,,,,,,,,,,,,,,,,,,,,,,,,,,,,,,,,,,,,,,,,,-160842236.67,15.8064708426,-135487747.69,22.1782563576,-25354488.98,-49.6847024342,,,,,,,,,,,
600354.SH,600354,敦煌种业,10007176,通用,2015-06-30 00:00:00,中报,2015中报,058001001,2015-08-29 00:00:00,2016-08-27 00:00:00,CNY,320237520.58,-2.9717643403,320237520.58,-2.9717643403,,,,,,,,,,,450244445.61,-3.715457574,260577252.48,-3.1601226228,,,,,,,,,,,,,,,,,,,728823.03,62.5785585644,51487118.82,-12.423774122,81064732.29,3.6680011168,,,38471519.58,4.2652647982,,,,,17914999.41,-25.9844632009,,,,,-90025.14,-596.4273198672,3517579.28,254.2424358704,,,,,,,,,,,,,,,,,0,,-126579370.89,9.4997972509,3336497.95,46.2588375691,,,5474925.14,264.6816991296,599343.57,,,,0,,-128717798.08,7.4548288339,940185.57,997.6615471867,,,,,,,-129657983.65,6.708604938,,,,,,,-103633402.82,18.616994017,-26024580.83,-123.5525555582,-103932803.92,18.604622562,,,,,-0.231,18.661971831,-0.231,18.661971831,,,,,,,,,,,,,,,,,,,,,,,,,,,,,,,,,,,,,,,,,,,,,,,,,,,-129657983.65,6.708604938,-103633402.82,18.616994017,-26024580.83,-123.5525555582,,,,,,,,,,,
600354.SH,600354,敦煌种业,10007176,通用,2015-03-31 00:00:00,一季报,2015一季报,058001001,2015-04-30 00:00:00,2016-04-28 00:00:00,CNY,168030370.0,-11.9727107815,168030370.0,-11.9727107815,,,,,,,,,,,224472478.84,-12.9991128007,132344658.14,-4.6924232351,,,,,,,,,,,,,,,,,,,625891.47,216.4014718758,25544081.44,-18.8848467307,29129755.14,-18.8571863377,,,15591531.24,-21.6651470695,,,,,21236561.41,-32.9211818383,,,,,-17990.59,67.2610916021,263750.59,109.4548040246,,,,,,,,,,,,,,,,,0,,-56196348.84,19.6872037284,2602096.49,363.9247584734,803074.33,,4008357.87,1488.7108037553,69209.58,860.1946206022,,,0,,-57602610.22,17.3127891978,47013.83,-96.6763226439,,,,,,,-57649624.05,18.892195747,,,,,,,-51160960.42,29.0058492716,-6488663.63,-758.179030244,-51338550.72,28.7180382047,,,,,-0.114,29.1925465839,-0.114,29.1925465839,,,,,,,,,,,,,,,,,,,,,,,,,,,,,,,,,,,,,,,,,,,,,,,,,,,-57649624.05,18.892195747,-51160960.42,29.0058492716,-6488663.63,-758.179030244,,,,,,,,,,,
600354.SH,600354,敦煌种业,10007176,通用,2014-12-31 00:00:00,年报,2014年报,058001001,2015-03-20 00:00:00,2016-04-15 00:00:00,CNY,1255860454.79,-33.014050591,1255860454.79,-33.014050591,,,,,,,,,,,1492882741.17,-14.3501541206,819957206.57,-33.6445558886,,,,,,,,,,,,,,,,,,,2742549.27,164.0585592315,194346621.59,-9.0117740232,179710694.26,7.9329386255,,,72964809.46,-11.4576873395,,,,,223160860.02,409.9704552123,,,,,-608.05,,-6696066.66,-240.2675540928,-2732658.5,-145.4541761208,,,,,,,,,,,,,,,0,,-243718961.09,-278.4459130032,34678191.42,24.1753519415,22179999.13,98.9221367722,16454526.12,42.4557182542,560691.45,54.4864916903,,,0,,-225495295.79,-247.4261153295,47706129.78,23.9899947234,,,,,,,-273201425.57,-338.6476473823,,,,,,,-333008627.33,-2020.7516548965,59807201.76,-38.4329546601,-352487901.88,-3676.376307943,,,,,-0.744,-2007.6923076923,-0.744,-2007.6923076923,,,,,,,,,,,,,,,,,,,,,,,,,,,,,,,,,,,,,,,,,,,,,,,,,,,-273201425.57,-338.6476473823,-333008627.33,-2020.7516548965,59807201.76,-38.4329546601,,,,,,,,,,,标准无保留意见
600354.SH,600354,敦煌种业,10007176,通用,2014-09-30 00:00:00,三季报,2014三季报,058001001,2014-10-30 00:00:00,2015-10-29 00:00:00,CNY,451989721.48,-42.6439288757,451989721.48,-42.6439288757,,,,,,,,,,,647648817.59,-32.1464089179,362141206.83,-42.4532538846,,,,,,,,,,,,,,,,,,,607898.31,-0.1972042399,87882534.25,-18.0598502048,115155364.46,-5.3995145941,,,52834676.74,-13.5641734166,,,,,29027137.0,-15.7789379595,,,,,69966.39,106.8497022693,135313.78,-97.9569043672,-671736.83,21.2727783824,,,,,,,,,,,,,,,0,,-195453815.94,-21.523195777,6079754.27,-30.1115402711,,,1418416.59,-87.4714742102,509632.61,4384.3827460863,,,0,,-190792478.26,-16.7219854498,246237.28,121.1779313782,,,,,,,-191038715.54,-17.7099148931,,,,,,,-174100118.23,-26.5812675836,-16938597.31,31.5778249465,-178059081.7,-31.0048234109,,,,,-0.389,-26.7100977199,-0.389,-26.7100977199,,,,,,,,,,,,,,,,,,,,,,,,,,,,,,,,,,,,,,,,,,,,,,,,,,,-191038715.54,-17.7099148931,-174100118.23,-26.5812675836,-16938597.31,31.5778249465,,,,,,,,,,,
600354.SH,600354,敦煌种业,10007176,通用,2014-06-30 00:00:00,中报,2014中报,058001001,2014-08-28 00:00:00,2015-08-29 00:00:00,CNY,330045701.03,-50.2551366158,330045701.03,-50.2551366158,,,,,,,,,,,467618616.93,-36.9168361646,269080527.09,-48.0586077701,,,,,,,,,,,,,,,,,,,448289.76,22.3107119375,58791205.38,-22.234303108,78196484.37,10.8572864344,,,36897733.54,-10.9595490398,,,,,24204376.79,-31.3985435038,,,,,-12926.71,97.9534121756,-2280552.21,16.4453679197,,,,,,,,,,,,,,,,,0,,-139866394.82,-72.3398036291,2281228.27,-62.1371168036,,,1501288.7,-70.7978844025,,,,,0,,-139086455.25,-73.2659510194,-104737.2,-105.8592094357,,,,,,,-138981718.05,-69.3639987473,,,,,,,-127340347.74,-68.6570848105,-11641370.31,-77.5021842168,-127688828.52,-68.9140138779,,,,,-0.284,-68.4460260973,-0.284,-68.4460260973,,,,,,,,,,,,,,,,,,,,,,,,,,,,,,,,,,,,,,,,,,,,,,,,,,,-138981718.05,,-127340347.74,,-11641370.31,,,,,,,,,,,,
600354.SH,600354,敦煌种业,10007176,通用,2014-03-31 00:00:00,一季报,2014一季报,058001001,2014-04-25 00:00:00,2015-04-30 00:00:00,CNY,190884408.11,-57.1410336347,190884408.11,-57.1410336347,,,,,,,,,,,258011712.37,-41.6397372079,138860584.47,-56.3096272607,,,,,,,,,,,,,,,,,,,197815.6,207.0472655624,31491133.79,-19.5772146088,35899365.36,9.8937556581,,,19903696.32,-7.7501950999,,,,,31659116.83,2.7616739451,,,,,-54951.71,87.3082637423,-2789593.41,-57.6978770173,,,,,,,,,,,,,,,,,0,,-69971849.38,-6612.7387114636,560887.61,-81.8278645796,,,252302.55,-69.3099165457,7207.87,,,,0,,-69663264.32,-2186.4685847964,1414512.45,-77.7643413611,,,,,,,-71077776.77,-2251.5072273063,,,,,,,-72063627.63,-418.2750922537,985850.86,-90.9404240647,-72021798.26,-343.6756760115,,,,,-0.161,-419.3548387097,-0.161,-419.3548387097,,,,,,,,,,,,,,,,,,,,,,,,,,,,,,,,,,,,,,,,,,,,,,,,,,,-71077776.77,-2251.5072273063,-72063627.63,-418.2750922537,985850.86,-90.9404240647,,,,,,,,,,,
600354.SH,600354,敦煌种业,10007176,通用,2013-12-31 00:00:00,年报,2013年报,058001001,2014-04-11 00:00:00,2015-03-20 00:00:00,CNY,1874811756.6,-5.045745419,1874811756.6,-5.045745419,,,,,,,,,,,1743006920.61,-12.6197964898,1235704496.52,-16.5906290652,,,,,,,,,,,,,,,,,,,1038614.04,36.3347559247,213595352.04,4.0844326622,166502178.62,4.6957815106,,,82406712.98,-13.1886906781,,,,,43759566.41,-17.9140294011,,,,,,,4773781.58,280.356546827,-1113306.99,35.9105299576,,,,,,,,,,,,,,,0,,136578617.57,698.7747250667,27926791.33,41.0645485926,11150090.93,,11550625.22,-35.0526743556,362938.82,102.236060299,,,0,,152954783.68,835.4615121976,38475789.83,71.2481726198,,,,,,,114478993.85,364.5997286983,,,,,,,17337411.97,113.4297801687,97141581.88,13.176684979,-9334024.82,93.1834594385,,,,,0.039,113.5416666667,0.039,113.5416666667,,,,,,,,,,,,,,,,,,,,,,,,,,,,,,,,,,,,,,,,,,,,,,,,,,,114478993.85,364.5997286983,17337411.97,113.4297801687,97141581.88,13.176684979,,,,,,,,,,,标准无保留意见
600354.SH,600354,敦煌种业,10007176,通用,2013-09-30 00:00:00,三季报,2013三季报,058001001,2013-10-29 00:00:00,2014-10-30 00:00:00,CNY,788041636.43,-23.7248616024,788041636.43,-23.7248616024,,,,,,,,,,,954479795.78,-23.9400146312,629299189.4,-33.3568095868,,,,,,,,,,,,,,,,,,,609099.48,147.4702755077,107252103.48,9.6228216167,121728090.47,9.2917032005,,,61125899.79,-11.4926390493,,,,,34465413.16,7.3788360113,,,,,-1021451.55,1.647053334,6622978.28,343.8246512501,-853245.95,,,,,,,,,,,,,,,,0,,-160836632.62,28.6762555093,8699224.87,79.1592596419,,,11321496.35,-14.2617098828,11364.61,,,,0,,-163458904.1,30.1013668901,-1162706.95,-172.2469631882,,,,,,,-162296197.15,31.0729179527,,,,,,,-137540191.81,37.285601326,-24756005.34,-53.3000440258,-135917958.64,37.2768148828,,,,,-0.307,37.3469387755,-0.307,37.3469387755,,,,,,,,,,,,,,,,,,,,,,,,,,,,,,,,,,,,,,,,,,,,,,,,,,,-162296197.15,31.0729179527,-137540191.81,37.285601326,-24756005.34,-53.3000440258,,,,,,,,,,,
600354.SH,600354,敦煌种业,10007176,通用,2013-06-30 00:00:00,中报,2013中报,058001001,2013-08-22 00:00:00,2014-08-28 00:00:00,CNY,663476947.32,1.5437741599,663476947.32,1.5437741599,,,,,,,,,,,741273247.09,-6.1805231137,518046427.98,-9.2415539103,,,,,,,,,,,,,,,,,,,366517.17,128.6667475229,75600435.32,10.8186229657,70537974.44,6.1609277993,,,41439293.2,-15.0667514093,,,,,35282598.98,-1.1523695174,,,,,-631622.54,-91.5156674905,-2729414.46,-273.8988248894,,,,,,,,,,,,,,,,,0,,-81157336.77,41.0945656223,6024972.42,30.4203643138,,,5141027.18,-59.4613852855,11364.61,35.1806475096,,,0,,-80273391.53,44.9570679426,1787565.39,11.572450461,,,,,,,-82060956.92,44.3427897346,,,,,,,-75502519.14,48.6374663522,-6558437.78,-1388.091114833,-75593981.57,47.8327903193,,,,,-0.1686,48.5975609756,-0.1686,48.5975609756,,,,,,,,,,,,,,,,,,,,,,,,,,,,,,,,,,,,,,,,,,,,,,,,,,,,,,,,,,,,,,,,,,,
600354.SH,600354,敦煌种业,10007176,通用,2013-03-31 00:00:00,一季报,2013一季报,058001001,2013-04-25 00:00:00,2014-04-25 00:00:00,CNY,445378002.08,58.8051946055,445378002.08,58.8051946055,,,,,,,,,,,442101697.33,38.361557514,317828793.31,53.1314379739,,,,,,,,,,,,,,,,,,,64425.13,20.8261245715,39156979.75,5.4109051088,32667338.69,0.2548387622,,,21575868.2,-13.4877422545,,,,,30808292.25,78.6072691952,,,,,-432972.36,-140.55273554,-1768947.98,-111.8097172463,,,,,,,,,,,,,,,,,0.0,,1074384.41,102.7663003036,3086525.59,8.8715665212,,,822097.96,-92.6709506257,,,,,0.0,,3338812.04,107.070716531,6361459.64,220.0023771325,,,,,,,-3022647.6,93.8574335626,,,,,,,-13904513.01,73.5645125879,10881865.41,221.028637389,-16232983.27,67.6431028396,,,,,-0.031,73.5042735043,-0.031,73.5042735043,,,,,,,,,,,,,,,,,,,,,,,,,,,,,,,,,,,,,,,,,,,,,,,,,,,-3022647.6,,-13904513.01,,10881865.41,,,,,,,,,,,,
600354.SH,600354,敦煌种业,10007176,通用,2012-12-31 00:00:00,年报,2012年报,058001001,2013-04-25 00:00:00,2014-04-11 00:00:00,CNY,1974436811.57,8.6779224897,1974436811.57,8.6779224897,,,,,,,,,,,1994738911.78,25.9466411216,1481493605.18,23.5591014648,,,,,,,,,,,,,,,,,,,761811.64,95.7819880342,205213543.06,11.5496911195,159034276.47,36.4288009391,,,94926241.32,43.1842241935,,,,,53309434.11,203.5930004796,,,,,139275.0,110.5516147035,-2646857.94,94.8165109768,-1737113.74,-25.492104535,,,,,,,,,,,,,,,0.0,,-22809683.15,-112.6300732747,19797172.01,-23.7268181521,,,17784604.84,-48.1275229891,179462.96,-61.0774991554,,,0.0,,-20797115.98,-112.0724968782,22467854.25,-39.0161619489,,,,,,,-43264970.23,-131.9472565054,,,,,,,-129096766.68,-924.4954132216,85831796.45,-28.3352955812,-136931992.64,-1122.5615314404,,,,,-0.288,-922.8571428571,-0.288,-922.8571428571,,,,,,,,,,,,,,,,,,,,,,,,,,,,,,,,,,,,,,,,,,,,,,,,,,,-43264970.23,-131.9472565054,-129096766.68,-924.4954132216,85831796.45,-28.3352955812,,,,,,,,,,,标准无保留意见
600354.SH,600354,敦煌种业,10007176,通用,2012-09-30 00:00:00,三季报,2012三季报,058001001,2012-10-30 00:00:00,2013-10-29 00:00:00,CNY,1033156613.0,41.4240163332,1033156613.0,41.4240163332,,,,,,,,,,,1254903996.04,65.0343350055,944281306.91,74.7012694442,,,,,,,,,,,,,,,,,,,246130.36,-25.9802905708,97837386.32,30.2432944746,111379077.19,39.3706316716,,,69063069.03,55.1586761136,,,,,32097026.23,60.4915679051,,,,,-1038557.14,93.4827697792,-2716287.4,85.1705854959,,,,,,,,,,,,,,,,,0.0,,-225502227.58,-251.776750445,4855582.06,-14.5860372532,,,13204714.41,482.613073723,,,,,0.0,,-233851359.93,-285.3497137634,1609350.62,-83.2537621566,,,,,,,-235460710.55,-234.957433288,,,,,,,-219311983.72,-144.5861893145,-16148726.83,-183.3661976318,-216694924.51,-133.3208476192,,,,,-0.49,-145.0,-0.49,-145.0,,,,,,,,,,,,,,,,,,,,,,,,,,,,,,,,,,,,,,,,,,,,,,,,,,,-235460710.55,-234.957433288,-219311983.72,-144.5861893145,-16148726.83,-183.3661976318,,,,,,,,,,,
600354.SH,600354,敦煌种业,10007176,通用,2012-06-30 00:00:00,中报,2012中报,058001001,2012-08-30 00:00:00,2013-08-22 00:00:00,CNY,653390080.1,14.2063214696,653390080.1,14.2063214696,,,,,,,,,,,790105926.5,43.7680605916,570796934.39,45.4247157504,,,,,,,,,,,,,,,,,,,160284.42,111.0885325248,68219973.59,19.4870051214,66444383.92,37.5159426451,,,48790425.29,61.6376800472,,,,,35693924.89,66.8420381762,,,,,-329802.02,95.799406724,-729987.44,91.0219505549,,,,,,,,,,,,,,,,,0.0,,-137775635.86,-2199.6686435662,4619656.18,27.6698281285,,,12681802.81,913.0937501113,8406.98,-97.1749635243,,,0.0,,-145837782.49,-1733.4089785448,1602156.61,-82.9133625127,,,,,,,-147439939.1,-32793.5329110151,,,,,,,-146999210.86,-417.4950585513,-440728.24,-101.5764119483,-144907082.5,-372.3665337394,,,,,-0.328,-134.2857142857,-0.328,-134.2857142857,,,,,,,,,,,,,,,,,,,,,,,,,,,,,,,,,,,,,,,,,,,,,,,,,,,,,,,,,,,0.0,,,,0.0,,,,
600354.SH,600354,敦煌种业,10007176,通用,2012-03-31 00:00:00,一季报,2012一季报,058001001,2012-04-28 00:00:00,2013-04-25 00:00:00,CNY,280455562.67,-22.3693097943,280455562.67,-22.3693097943,,,,,,,,,,,319526395.39,4.1118209122,207552934.6,-5.9402879068,,,,,,,,,,,,,,,,,,,53320.53,127.4034174146,37146991.3,1.7605450366,32584301.26,84.9812019275,,,24939666.08,55.8317214167,,,,,17249181.62,7.1431627394,,,,,1067677.32,783.3134848,-835159.03,-139.349311109,,,,,,,,,,,,,,,,,,,-38838314.43,-168.9500731694,2835015.32,469.9600051073,,,11216979.42,13899.3625205039,,,,,,,-47220278.53,-183.2142094763,1987941.37,-78.5681327548,,,,,,,-49208219.9,-203.6621204454,,,,,,,-52597906.72,-357.8067243665,3389686.82,-87.4770271206,-50168541.16,-349.08895021,,,,,-0.117,-217.0,-0.117,-217.0,,,,,,,,,,,,,,,,,,,,,,,,,,,,,,,,,,,,,,,,,,,,,,,,,,,,,,,,,,,0.0,,,,0.0,,,,
600354.SH,600354,敦煌种业,10007176,通用,2011-12-31 00:00:00,年报,2011年报,058001001,2012-03-29 00:00:00,2013-04-25 00:00:00,CNY,1816778206.96,14.3090462751,1816778206.96,14.3090462751,,,,,,,,,,,1583796831.75,19.7507580661,1199016169.28,26.5322223019,,,,,,,,,,,,,,,,,,,389112.22,-56.4525150462,183966034.33,8.5548032908,116569430.63,-2.2295665215,,,66296578.31,22.3503409187,,,,,17559506.98,-43.7281517594,,,,,-1319940.16,-3835.4067904349,-51063249.64,-541.0264914603,-1384241.46,-19.3968358095,,,,,,,,,,,,,,,,,180598185.41,-35.1121273791,25955613.14,179.1109742084,,,34285243.09,667.7872645941,461077.67,1.9031889176,,,,,172268555.46,-39.161557845,36842309.32,-20.1057383456,,,,,,,135426246.14,-42.868627163,,,,,,,15657669.48,-80.5946933124,119768576.66,-23.4000790154,13391076.08,-82.6938539128,,,,,0.035,-91.935483871,0.035,-91.935483871,,,,,,,,,,,,,,,,,,,,,,,,,,,,,,,,,,,,,,,,,,,,,,,,,,,135426246.14,-43.0368418527,15657669.48,-80.6801733748,119768576.66,-23.5677493386,,,0,,,,0,,,,标准无保留意见
600354.SH,600354,敦煌种业,10007176,通用,2011-09-30 00:00:00,三季报,2011三季报,058001001,2011-10-27 00:00:00,2012-10-30 00:00:00,CNY,730538305.86,7.6748761293,730538305.86,7.6748761293,,,,,,,,,,,760389646.19,16.3801696882,540511989.36,22.6888374253,,,,,,,,,,,,,,,,,,,332520.03,-23.002814477,75118943.14,-6.4964074615,79915743.98,7.3879565501,,,44511251.81,31.3117194705,,,,,19999197.87,-15.7105069466,,,,,-15935560.12,-43788.9927895819,-18316889.04,-332.9775196306,,,,,,,,,,,,,,,,,,,-64103789.49,-294.2635757493,5684763.83,72.3338414407,,,2266463.8,85.3883826774,300575.77,271.287789391,,,,,-60685489.46,-273.018823195,9610221.92,-23.9279740505,,,,,,,-70295711.38,-413.2405755243,,,,,,,-89666544.27,-293.2646345569,19370832.89,-57.1839658193,-92874223.08,-278.3956856115,,,,,-0.2,-62.6016260163,-0.2,-63.132137031,,,,,,,,,,,,,,,,,,,,,,,,,,,,,,,,,,,,,,,,,,,,,,,,,,,-70295711.38,-413.2405755243,-89666544.27,-293.2646345569,19370832.89,-57.1839658193,,,0,,,,0,,,,
600354.SH,600354,敦煌种业,10007176,通用,2011-06-30 00:00:00,中报,2011中报,058001001,2011-08-20 00:00:00,2012-08-30 00:00:00,CNY,572113760.16,-6.9169897881,572113760.16,-6.9169897881,,,,,,,,,,,549569858.04,-0.2511540861,392503386.68,0.7889725357,,,,,,,,,,,,,,,,,,,75932.32,-68.8184585472,57094052.63,-13.0761003607,48317586.05,-4.8263051647,,,30185056.65,24.9287439299,,,,,21393843.71,3.5180084273,,,,,-7851320.0,-92468.4705882353,-8130802.18,-696.6293362623,,,,,,,,,,,,,,,,,,,6561779.94,-89.5282494796,3618440.04,146.8196547334,,,1251789.66,53.7690237764,297588.37,267.5975879418,,,,,8928430.32,-85.8981031913,9376664.14,-25.8129283571,,,,,,,-448233.82,-100.8845358237,,,,,,,-28405915.85,-2505.6034627785,27957682.03,-43.5125819831,-30676830.84,-4705.4733358108,,,,,-0.14,-2433.3333333333,-0.14,-2322.2222222222,,,,,,,,,,,,,,,,,,,,,,,,,,,,,,,,,,,,,,,,,,,,,,,,,,,,,,,,,,,0,,,,0,,,,
600354.SH,600354,敦煌种业,10007176,通用,2011-03-31 00:00:00,一季报,2011一季报,058001001,2011-04-29 00:00:00,2012-04-28 00:00:00,CNY,361268928.47,-16.187049141,361268928.47,-16.187049141,,,,,,,,,,,306906931.98,-9.7872556776,220660822.77,-3.8415233297,,,,,,,,,,,,,,,,,,,23447.55,-59.9423074788,36504316.37,-23.5915209755,17614925.69,-29.1442217723,,,16004229.34,44.9364362402,,,,,16099190.26,-40.3536451973,,,,,-156250.0,-2915.3153153153,2122423.51,113.8958514904,,,,,,,,,,,,,,,,,,,56328170.0,-38.6645180886,497406.01,-40.2929630694,,,80124.93,-76.8295825805,1441.85,148.5882008027,,,,,56745451.08,-38.5362611334,9275633.09,-30.9317744855,,,,,,,47469817.99,-39.8307321325,,,,,,,20402069.36,-5.7449095863,27067748.63,-52.7186070426,20140813.6,-5.6028289714,,,,,0.1,-13.7931034483,0.1,-13.7931034483,,,,,,,,,,,,,,,,,,,,,,,,,,,,,,,,,,,,,,,,,,,,,,,,,,,,,,,,,,,0,,,,0,,,,
600354.SH,600354,敦煌种业,10007176,通用,2010-12-31 00:00:00,年报,2010年报,058001001,2011-04-15 00:00:00,2012-03-29 00:00:00,CNY,1589356456.17,5.0677590621,1589356456.17,5.0677590621,,,,,,,,,,,1322577708.34,-3.2351663352,947597495.3,-11.0178861706,,,,,,,,,,,,,,,,,,,893535.46,65.4462599196,169468350.32,25.0076376836,119227691.32,27.6559860057,,,54185854.99,7.4738260904,,,,,31204780.95,42.2039714123,,,,,-33540.12,-100.9570320048,11578272.65,324.0829434728,-1159361.93,,,,,,,,,,,,,,,,,,278323480.36,92.9606737947,9299388.25,66.6353873261,,,4465461.29,-60.4822235138,452466.38,72.4981788176,,,,,283157407.32,104.4173726242,46113836.66,1762.3031922062,,,,,,,237043570.66,67.7669796625,,,,,,,80687565.17,168.7386565942,156356005.49,40.5209855764,77377574.49,119.4116993685,,,,,0.434,169.5652173913,0.434,169.5652173913,700000.0,,,,,,,,,,,,,,,,,,,,,,,,,,,,,,,,,,,,,,,,,,,,,,,,,,237743570.66,68.2624028687,81044565.17,169.9276836791,156699005.49,40.8292481078,,,0,,,,0,,,,标准无保留意见
600354.SH,600354,敦煌种业,10007176,通用,2010-09-30 00:00:00,三季报,2010三季报,058001001,2010-10-28 00:00:00,2011-10-27 00:00:00,CNY,678466818.0,-8.7339442677,678466818.0,-8.7339442677,,,,,,,,,,,653367019.68,-14.4056605148,440555148.05,-25.4342498235,,,,,,,,,,,,,,,,,,,431859.98,-3.5983901515,80338028.84,20.2554835318,74417789.99,26.48383534,,,33897394.68,-10.1508250853,,,,,23726798.14,173.1916357195,,,,,36475.0,-97.0941360734,7862084.32,2086.9929336574,,,,,,,,,,,,,,,,,,,32998357.64,280.1169767775,3298692.69,39.4802226505,,,1222548.99,-43.8781356284,80954.93,-16.8756235232,,,,,35074501.34,293.4194281044,12633056.37,961.2006074244,,,,,,,22441444.97,216.1303549595,,,,,,,-22800561.35,58.6773326412,45242006.32,26.1891625002,-24544207.72,56.923516843,,,,,-0.123,58.5858585859,-0.1226,58.7205387205,,,,,,,,,,,,,,,,,,,,,,,,,,,,,,,,,,,,,,,,,,,,,,,,,,,22441444.97,,-22800561.35,,45242006.32,,,,0,,,,0,,,,
600354.SH,600354,敦煌种业,10007176,通用,2010-06-30 00:00:00,中报,2010中报,058001001,2010-08-28 00:00:00,2011-08-20 00:00:00,CNY,614627480.2,-3.4761443572,614627480.2,-3.4761443572,,,,,,,,,,,550953600.52,-12.6258669957,389430883.96,-21.6371070751,,,,,,,,,,,,,,,,,,,243516.89,-13.7790194469,65682801.7,22.6214488744,50767794.75,24.6011529941,,,24161818.73,-14.529648758,,,,,20666784.49,92.2739125526,,,,,8500.0,-99.8265952328,-1020650.61,4.8376184739,,,,,,,,,,,,,,,,,,,62661729.07,525.1651564494,1466025.89,20.8740714772,,,814071.41,-28.6855577121,80954.93,74.7208467585,,,,,63313683.55,527.2061000591,12639215.88,1218.4054169797,,,,,,,50674467.67,454.6750611768,,,,,,,1180822.87,103.9443811041,49493644.8,26.6705937255,666095.07,101.9638078456,,,,,0.006,103.7267080745,0.0063,105.4310344828,,,,,,,,,,,,,,,,,,,,,,,,,,,,,,,,,,,,,,,,,,,,,,,,,,,50674467.67,454.6750611768,1180822.87,103.9443811041,49493644.8,26.6705937255,,,0,,,,0,,,,
600354.SH,600354,敦煌种业,10007176,通用,2010-03-31 00:00:00,一季报,2010一季报,058001001,2010-04-24 00:00:00,2011-04-29 00:00:00,CNY,431041891.22,26.6161807202,431041891.22,26.6161807202,,,,,,,,,,,340203520.34,17.732765533,229476204.71,5.5107707386,,,,,,,,,,,,,,,,,,,58534.45,-23.3010133638,47775216.62,23.8899520225,24860252.94,38.02189706,,,11042240.14,-13.2903471477,,,,,26991071.48,1193.7876518484,,,,,5550.0,-99.1426417374,992269.6,678.6300922524,,,,,,,,,,,,,,,,,,,91836190.48,76.7940759022,833077.7,282.5449494312,,,345807.02,-39.3461351433,-2967.49,-123.4991012108,,,,,92323461.16,78.9459622879,13429667.58,25581.9733440197,,,,,,,78893793.58,52.759861595,,,,,,,21645588.87,97.4225286118,57248204.71,40.7228137472,21336247.03,88.5418419912,,,,,0.116,96.6101694915,0.116,96.6101694915,,,,,,,,,,,,,,,,,,,,,,,,,,,,,,,,,,,,,,,,,,,,,,,,,,,78893793.58,52.759861595,21645588.87,97.4225286118,57248204.71,40.7228137472,,,0,,,,0,,,,
600354.SH,600354,敦煌种业,10007176,通用,2009-12-31 00:00:00,年报,2009年报,058001001,2011-04-15 00:00:00,2011-04-15 00:00:00,CNY,1512696635.35,36.2813916496,1512696635.35,36.2813916496,,,,,,,,,,,1366795826.8,29.0909243952,1064930303.99,29.4492403722,,,,,,,,,,,,,,,,,,,540075.95,63.3762526928,135566396.95,59.4617649239,93397650.24,40.9737850403,,,50417722.12,-18.6985655314,,,,,21943677.55,-2.5256017899,,,,,3504597.53,199.8418869876,-5166958.48,-197.6091158632,,,,,,,,,,,,,,,,,,,144238447.6,172.2593591196,5580680.31,-67.127500752,,,11299879.92,482.2561709002,262302.12,-37.5232184043,,,,,138519247.99,103.6617567733,-2774093.01,-225.7140774495,,,,,,,141293341.0,114.7064118512,,,,,,,30024547.34,118.4466246706,111268793.66,113.7190025737,35265929.17,4141.6599607326,,,,,0.161,117.5675675676,0.161,117.5675675676,,,,,,,,,,,,,,,,,,,,,,,,,,,,,,,,,,,,,,,,,,,,,,,,,,,141293341.0,114.7064118512,30024547.34,-54.3753245468,111268793.66,,,,0,,,,0,,,,标准无保留意见
600354.SH,600354,敦煌种业,10007176,通用,2009-09-30 00:00:00,三季报,2009三季报,058001001,2010-10-28 00:00:00,2010-10-28 00:00:00,CNY,743394477.34,17.7459113488,743394477.34,17.7459113488,,,,,,,,,,,763329705.69,18.3564621272,590827755.38,15.8445084036,,,,,,,,,,,,,,,,,,,447980.05,387.8034983384,66806125.16,36.8862872016,58835810.75,33.449756357,,,37726996.06,-7.5454008892,,,,,8685038.28,666.4803496618,,,,,1255220.51,129.2387892715,359492.9,156.7378336767,,,,,,,,,,,,,,,,,,,-18320514.94,1.0402057076,2364989.55,11.3617918763,,,2178382.71,86.1514835615,97390.12,-69.6745553517,,,,,-18133908.1,-3.2705610159,1190449.41,292.6869608303,,,,,,,-19324357.51,-8.1823410796,,,,,,,-55176886.7,-31.787880576,35852529.19,49.3532596296,-56978206.95,-32.7237063631,,,,,-0.297,-32.0,-0.297,,,,,,,,,,,,,,,,,,,,,,,,,,,,,,,,,,,,,,,,,,,,,,,,,,,,,,,,,,,,0,,,,0,,,,
600354.SH,600354,敦煌种业,10007176,通用,2009-06-30 00:00:00,中报,2009中报,058001001,2010-08-28 00:00:00,2010-08-28 00:00:00,CNY,636762255.41,35.2796585045,636762255.41,35.2796585045,,,,,,,,,,,630568317.62,35.2721858613,496958278.88,36.1021482367,,,,,,,,,,,,,,,,,,,282433.45,538.1967247935,53565507.75,39.0241779708,40744241.55,29.0949918228,,,28269240.01,-5.5451684709,,,,,10748615.98,1034.5699408826,,,,,4901826.02,208.2166799128,-1072535.8,-169.1773486979,,,,,,,,,,,,,,,,,,,10023228.01,2771.2826800935,1212853.9,-59.1194844223,,,1141523.91,10.1852259311,46333.87,-85.5725076627,,,,,10094558.0,548.9172141316,958674.45,216.2325953222,,,,,,,9135883.55,629.443641309,,,,,,,-29936835.18,-38.888016685,39072718.73,71.3182083564,-33918546.13,-43.7592801557,,,,,-0.161,-38.7931034483,-0.116,-0.086281277,,,,,,,,,,,,,,,,,,,,,,,,,,,,,,,,,,,,,,,,,,,,,,,,,,,9135883.55,,-29936835.18,,39072718.73,,,,0,,,,0,,,,
600354.SH,600354,敦煌种业,10007176,通用,2009-03-31 00:00:00,一季报,2009一季报,058001001,2010-04-24 00:00:00,2010-04-24 00:00:00,CNY,340431916.97,40.1470424114,340431916.97,40.1470424114,,,,,,,,,,,288962481.09,41.067996763,217490786.11,41.4726102584,,,,,,,,,,,,,,,,,,,76317.11,1601.0995599977,38562624.2,59.1460404784,18011818.03,44.4545187759,,,12734729.96,-13.4266663423,,,,,2086205.68,776.4375385302,,,,,647337.32,,-171486.0,,,,,,,,,,,,,,,,,,,,51945287.2,36.4418345256,217772.5,25.1954269729,,,570131.88,85.0472884445,12628.1,,,,,,51592927.82,35.9955277613,-52702.62,,,,,,,,51645630.44,36.1344483639,,,,,,,10964092.61,-23.724938325,40681537.83,72.6514657882,11316451.99,-22.0015919159,,,,,0.059,-23.3766233766,0.059,-23.3766233766,,,,,,,,,,,,,,,,,,,,,,,,,,,,,,,,,,,,,,,,,,,,,,,,,,,51645630.44,,10964092.61,,40681537.83,,,,0,,,,0,,,,
600354.SH,600354,敦煌种业,10007176,通用,2008-12-31 00:00:00,年报,2008年报,058001001,2010-02-10 00:00:00,2010-02-10 00:00:00,CNY,1109980326.03,47.4932439424,1109980326.03,47.4932439424,,,,,,,,,,,1058785374.11,32.9915515525,822662458.99,34.7386234909,,,,,,,,,,,,,,,,,,,330571.88,6.6568780922,85014985.89,49.8500161401,66251785.9,5.9113130051,,,62013324.18,24.6580257029,,,,,22512247.27,38.7591181173,,,,,-3510147.53,,5293520.42,120.7283848482,8000000.0,107.3255368565,,,,,,,,,,,,,,,,,52978324.81,228.6878372438,16976744.81,-34.089758272,,,1940705.91,56.9826159694,419839.36,16.0926490655,,,,,68014363.71,508.5688953785,2206668.55,4643.9271513996,,,,,,,65807695.16,494.211700631,,,,,,,13744569.13,193.7782176851,52063126.03,2655.8365343477,-872560.52,97.7779898644,,,,,0.074,193.9086294416,0.074,193.9086294416,,,,,,,,,,,,,,,,,,,,,,,,,,,,,,,,,,,,,,,,,,,,,,,,,,,65807695.16,,65807695.16,,,,,,0,,,,0,,,,标准无保留意见
600354.SH,600354,敦煌种业,10007176,通用,2008-09-30 00:00:00,三季报,2008三季报,058001001,2009-10-30 00:00:00,2009-10-30 00:00:00,CNY,631354812.09,39.9751176549,631354812.09,39.9751176549,,,,,,,,,,,644941300.18,20.2477270536,510017922.75,22.3868942007,,,,,,,,,,,,,,,,,,,91836.17,-44.271226697,48804103.41,26.817672492,44088361.31,-9.0657871079,,,40805970.09,35.0954638811,,,,,1133106.45,-50.3105637864,,,,,-4292997.56,,-633603.5,-125.6511461532,,,,,,,,,,,,,,,,,,,-18513089.15,77.6481863743,2123699.26,-87.0629473499,,,1170220.44,61.1910141174,321149.85,,,,,,-17559610.33,73.8448119409,303154.81,4690.0154687473,,,,,,,-17862765.14,73.3957682518,,,,,,,-41867952.09,29.783009488,24005186.95,419.3858936842,-42929939.58,43.0003732557,,,,,-0.225,29.9065420561,,,,,,,,,,,,,,,,,,,,,,,,,,,,,,,,,,,,,,,,,,,,,,,,,,,,,,,,,,,,,0,,,,0,,,,
600354.SH,600354,敦煌种业,10007176,通用,2008-06-30 00:00:00,中报,2008中报,058001001,2009-08-01 00:00:00,2009-08-01 00:00:00,CNY,470700667.38,64.9441941441,470700667.38,64.9441941441,,,,,,,,,,,466147799.42,39.3690002498,365136249.0,45.5068892183,,,,,,,,,,,,,,,,,,,44254.92,-33.8621382885,38529634.58,49.9486570228,31561442.45,-9.7402665141,,,29928844.88,44.710752656,,,,,947373.59,-55.2708992422,,,,,-4529640.0,,-398449.5,-111.0808931634,,,,,,,,,,,,,,,,,,,-375221.54,99.1754232639,2966826.33,-81.6679821015,,,1036004.51,245.7806632018,321149.85,251.8122584747,,,,,1555600.28,105.2517677652,303154.85,,,,,,,,1252445.43,104.2283050611,,,,,,,-21554656.69,16.664637802,22807102.12,707.2906838655,-23593987.18,48.1504901359,,,,,-0.116,16.5467625899,-0.1159,27.5625,,,,,,,,,,,,,,,,,,,,,,,,,,,,,,,,,,,,,,,,,,,,,,,,,,,,,,,,,,,0,,,,0,,,,
600354.SH,600354,敦煌种业,10007176,通用,2008-03-31 00:00:00,一季报,2008一季报,058001001,2009-04-29 00:00:00,2009-04-29 00:00:00,CNY,242910525.34,48.8650993526,242910525.34,48.8650993526,,,,,,,,,,,204839146.88,20.4448160571,153733493.51,7.8074047257,,,,,,,,,,,,,,,,,,,4486.34,-57.3218493478,24230966.78,133.2595611777,12468850.53,29.5987592919,,,14709760.41,87.0059708686,,,,,-308410.69,26.003871802,,,,,,,,,,,,,,,,,,,,,,,,,,,38071378.46,652.2437059697,173946.05,-78.5380815997,,,308100.64,236.7765208773,,,,,,,37937223.87,714.3736262536,,,,,,,,,37937223.87,714.3736262536,,,,,,,14374413.3,369.6018246526,23562810.57,2894.3719629654,14508567.89,339.7824495095,,,,,0.077,365.5172413793,0.077,356.6666666667,,,,,,,,,,,,,,,,,,,,,,,,,,,,,,,,,,,,,,,,,,,,,,,,,,,,,,,,,,,0.0,,,,0.0,,,,
600354.SH,600354,敦煌种业,10007176,通用,2007-12-31 00:00:00,年报,2007年报,058001001,2009-04-29 00:00:00,2009-04-29 00:00:00,CNY,752563504.85,-15.897739373,752563504.85,-15.897739373,,,,,,,,,,,796129800.54,-9.2139800711,610561721.41,-12.0487419551,,,,,,,,,,,,,,,,,,,309939.58,-49.716955101,56733384.54,-28.4169384232,62554021.87,-2.8668421638,,,49746756.24,70.4272016138,,,,,16223976.9,75.1317182868,,,,,,,2398205.57,207.4461231435,3858666.0,,,,,,,,,,,,,,,,,,-41168090.12,-362.9266632241,25757369.97,734.2560092129,,,1236255.3,-76.7999365305,361641.64,6.7078176223,,,,,-16646975.45,-224.0790599813,46515.65,312.8816908744,,,,,,,-16693491.1,-224.2234519503,,,,,,,-14656462.31,-211.8349215376,-2037028.79,-712.0268302521,-39268971.19,-415.007816618,,,,,-0.0788,-211.7730496454,-0.0788,-211.7730496454,,,,,,,,,,,,,,,,,,,,,,,,,,,,,,,,,,,,,,,,,,,,,,,,,,,,,,,,,,,,,,,,,,,标准无保留意见
600354.SH,600354,敦煌种业,10007176,通用,2007-09-30 00:00:00,三季报,2007三季报,058001001,2008-10-29 00:00:00,2008-10-29 00:00:00,CNY,451047888.13,-23.6826328784,451047888.13,-23.6826328784,,,,,,,,,,,536343859.45,-8.1070019163,416725929.75,-11.318626575,,,,,,,,,,,,,,,,,,,164791.3,-33.7935779675,38483676.96,-27.2469805542,48483799.34,6.4245633222,,,30205285.15,70.8851186825,,,,,2280376.95,186.6932061417,,,,,,,2470078.71,694.825694293,,,,,,,,,,,,,,,,,,,-82825892.61,-1293.5431925722,16415634.36,7464.0903951053,,,725983.67,-60.5368347305,,,,,,,-67136241.92,-1362.7026680227,6328.89,,,,,,,,-67142570.81,-1362.8217021845,,,,,,,-59626525.98,-647.2441941988,-7516044.83,-34.7224162266,-75316176.67,-698.724429086,,,,,-0.321,-1206.8965517241,-0.361,-1344.8275862069,,,,,,,,,,,,,,,,,,,,,,,,,,,,,,,,,,,,,,,,,,,,,,,,,,,,,,,,,,,,,,,,,,,
600354.SH,600354,敦煌种业,10007176,通用,2007-06-30 00:00:00,中报,2007中报,058001001,2008-08-22 00:00:00,2008-08-22 00:00:00,CNY,285369648.7,-25.7426308323,285369648.7,-25.7426308323,,,,,,,,,,,334470218.33,-9.8091199165,250940866.76,-13.986166603,,,,,,,,,,,,,,,,,,,66913.14,15.565398466,25695218.18,-32.3917479364,34967356.13,14.5624060079,,,20681839.0,57.4671755378,,,,,2118025.12,180.8940768715,,,,,,,3595824.76,1484.0705195972,,,,,,,,,,,,,,,,,,,-45504744.87,-444.9619628464,16183850.28,35556.9862253126,,,299613.2,-71.3915012383,91284.44,,,,,,-29620507.79,-343.0034623626,,,,,,,,,-29620507.79,-343.0034623626,,,,,,,-25864958.31,-281.3775737639,-3755549.48,-81.3443774169,-45504744.87,-398.8369485112,,,,,-0.139,-298.5714285714,-0.16,-328.5714285714,,,,,,,,,,,,,,,,,,,,,,,,,,,,,,,,,,,,,,,,,,,,,,,,,,,,,,,,,,,,,,,,,,,
600354.SH,600354,敦煌种业,10007176,通用,2007-03-31 00:00:00,一季报,2007一季报,058001001,2008-04-23 00:00:00,2008-04-23 00:00:00,CNY,163174932.47,-9.9071492377,163174932.47,-9.9071492377,,,,,,,,,,,170068877.67,-0.8735291734,142600124.64,9.6301393508,,,,,,,,,,,,,,,,,,,10512.03,-1.8154561757,10387984.38,-52.0941423239,9621118.75,-32.7310514068,,,7865930.88,46.1950382953,,,,,-416793.01,-459.4130104173,,,,,,,,,,,,,,,,,,,,,,,,,,,-6893945.2,-172.446276004,810486.96,5162.9194250631,,,91485.19,-69.5748779373,,,,,,,-6174943.43,-166.8960718835,,,,,,,,,-6174943.43,-166.8960718835,,,,,,,-5331719.59,-151.42320679,-843223.84,25.8810089985,-6050721.36,-156.6084915701,,,,,-0.029,-158.0,-0.03,-160.0,,,,,,,,,,,,,,,,,,,,,,,,,,,,,,,,,,,,,,,,,,,,,,,,,,,,,,,,,,,,,,,,,,,
600354.SH,600354,敦煌种业,10007176,通用,2006-12-31 00:00:00,年报,2006年报,058001001,2008-04-23 00:00:00,2008-04-23 00:00:00,CNY,894819591.34,15.4812009319,894819591.34,15.4812009319,,,,,,,,,,,876929951.51,-1.7390101438,694204648.1,2.6387073776,,,,,,,,,,,,,,,,,,,616389.84,-24.254392694,79255320.03,-11.7538151504,64400276.14,-34.7423331788,,,29189446.15,8.9944499085,,,,,9263871.25,,,,,,,,-2232007.54,26.8421765214,,,,,,,,,,,,,,,,,,,15657632.29,113.5275691674,3087465.92,306.9293069465,,,5328672.06,30.6937524019,338908.29,,,,,,13416426.15,111.3415385588,-21850.47,,,,,,,,13438276.62,111.3600097929,,,,,,,13105443.37,110.8633087363,332833.25,-85.8062733314,12466030.72,110.3949726108,,,,,0.0705,110.8461538462,0.0705,,,,,,,,,,,,,,,,,,,,,,,,,,,,,,,,,,,,,,,,,,,,,,,,,,,,,,,,,,,,,,,,,,,,标准无保留意见
600354.SH,600354,敦煌种业,10007176,通用,2006-09-30 00:00:00,三季报,2006三季报,058001001,2007-10-25 00:00:00,2007-10-25 00:00:00,CNY,591016049.35,8.8754175414,591016049.35,8.8754175414,,,,,,,,,,,583661291.54,-3.333064,469913707.53,-0.1585898396,,,,,,,,,,,,,,,,,,,248905.31,419.6399675404,52896329.6,-9.3417167189,45556963.38,-15.6037885451,,,17675784.4,-14.8197319483,,,,,-2630398.68,,,,,,,,-415260.93,27.1234244859,,,,,,,,,,,,,,,,,,,6939496.88,111.2263703011,217020.6,-3.2689969791,,,1839648.86,223.4822384728,,,,,,,5316868.62,108.6289540994,,,,,,,,,5316868.62,108.6289540994,,,,,,,10895780.46,118.1683975509,-5578911.84,-239.0309629736,12579439.39,120.4270609386,,,,,0.029,,0.029,,,,,,,,,,,,,,,,,,,,,,,,,,,,,,,,,,,,,,,,,,,,,,,,,,,,,,,,,,,,,,,,,,,,
600354.SH,600354,敦煌种业,10007176,通用,2006-06-30 00:00:00,中报,2006中报,058001001,2007-08-29 00:00:00,2007-08-29 00:00:00,CNY,384298086.37,-7.8013004384,384298086.37,-7.8013004384,,,,,,,,,,,370847050.19,-10.781964436,291744777.38,-12.4960704948,,,,,,,,,,,,,,,,,,,57900.67,38.7413311633,38006038.31,-1.7245066802,30522539.94,2.2457066203,,,13134063.61,-4.0560099075,,,,,-2618269.72,,,,,,,,-259800.69,54.4060535543,,,,,,,,,,,,,,,,,,,13191235.49,6091.1531170006,45387.6,-74.2330375133,,,1047287.39,202.5868467644,,,,,,,12189335.7,2230.2067417033,,,,,,,,,12189335.7,2230.2067417033,,,,,,,14260284.65,1397.6048095553,-2070948.95,-382.6204690935,15227282.0,2000.7214656557,,,,,0.07,1272.5490196078,0.07,,,,,,,,,,,,,,,,,,,,,,,,,,,,,,,,,,,,,,,,,,,,,,,,,,,,,,,,,,,,,,,,,,,,
600354.SH,600354,敦煌种业,10007176,通用,2006-03-31 00:00:00,一季报,2006一季报,058001001,2007-04-27 00:00:00,2007-04-27 00:00:00,CNY,181118624.94,12.0552531726,181118624.94,12.0552531726,,,,,,,,,,,171567570.45,6.1269519207,130073833.24,1.6596928461,,,,,,,,,,,,,,,,,,,10706.4,-54.4004712258,21684163.24,34.4203230314,14302466.37,21.4473346082,,,5380436.28,-6.9218502967,,,,,115964.92,,,,,,,,-35113.05,,,,,,,,,,,,,,,,,,,,9515941.44,6502.2658066647,15399.95,-78.9805363229,,,300689.64,232.1436429913,-35272.41,,,,,,9230651.75,1421.0346296181,,,,,,,,,9230651.75,1421.0346296181,,,,,,,10368314.08,723.3825230457,-1137662.33,-74.3897845437,10688716.82,1241.9623989977,,,,,0.05,,0.05,,,,,,,,,,,,,,,,,,,,,,,,,,,,,,,,,,,,,,,,,,,,,,,,,,,,,,,,,,,,,,,,,,,,
600354.SH,600354,敦煌种业,10007176,通用,2005-12-31 00:00:00,年报,2005年报,058001001,2007-04-20 00:00:00,2007-04-20 00:00:00,CNY,774861695.34,3.8389641817,774861695.34,3.8389641817,,,,,,,,,,,892449743.07,23.6501368871,676357551.49,12.9401514621,,,,,,,,,,,,,,,,,,,813763.15,142.9645398723,89811610.74,109.7166342287,98686145.67,65.5416941262,,,26780672.02,33.1309399116,,,,,,,,,,,,,-3050948.53,-54.478017063,,,,,,,,,,,,,,,,,4892906.95,1066.609710011,-115746089.31,-605.3258497118,758722.92,30.4240385953,,,4077220.19,146.5320530443,,,,,770000.0,-91.8545411462,-118294586.58,-478.103907254,,,,,0.0,,,,-118294586.58,-478.103907254,,,,,,,-120639518.66,-498.8164525119,2344932.08,126.1526158509,-119923651.43,-608.7858390983,,,,,-0.65,-482.3529411765,,,,,,,,,,,,,,,,,,,,,,,,,,,,,,,,,,,,,,,,,,,,,,,,,,,,,,,,,,,,,,,,,,,,,标准无保留意见
600354.SH,600354,敦煌种业,10007176,通用,2005-09-30 00:00:00,三季报,2005三季报,058001001,2006-10-26 00:00:00,2006-10-26 00:00:00,CNY,542836999.11,22.3695156274,542836999.11,22.3695156274,,,,,,,,,,,603785860.7,36.6244533257,470660126.67,29.3047377069,,,,,,,,,,,,,,,,,,,47899.57,-85.2323180702,58346934.98,109.5340425559,53979867.81,44.7044821423,,,20751031.67,66.4854594228,,,,,,,,,,,,,-569814.0,-17001.4059441182,,,,,,,,,,,,,,,,,-295576.87,-2438.6288270291,-61814252.46,-3811.5520206831,224354.75,217.7227627006,,,568701.66,38.9133543733,,,,,541993.71,-92.2127340517,-61616605.66,-843.5623907643,,,,,0,,,,-61616605.66,-843.8033998507,,,,,,,-59971059.25,-815.2061939889,-1645546.41,-1526.8097909141,-61582228.73,-3597.8953678766,,,,,,,,,,,,,,,,,,,,,,,,,,,,,,,,,,,,,,,,,,,,,,,,,,,,,,,,,,,,,,,,,,,,,,,,,,,
600354.SH,600354,敦煌种业,10007176,通用,2005-06-30 00:00:00,中报,2005中报,058001001,2006-08-10 00:00:00,2006-08-10 00:00:00,CNY,416815083.29,15.8790489362,416815083.29,15.8790489362,,,,,,,,,,,415663770.05,19.4379542491,333407629.84,14.0017939938,,,,,,,,,,,,,,,,,,,41732.82,973.9219046737,38672956.02,101.7000887079,29852148.27,10.9947647158,,,13689303.1,44.3139805883,,,,,,,,,,,,,-569814.0,-17001.4059441182,,,,,,,,,,,,,,,,,-368433.35,-484.950337125,213065.89,-98.1914439166,176146.49,984.069128247,,,346111.34,30.4811070226,,,,,480000.0,-90.7335907336,523101.04,-96.8699048337,,,,,0,,,,523101.04,-96.8699048337,,,,,,,952206.12,-94.3568205683,-429105.08,-165.5518530423,-801131.69,-106.8021509383,,,,,0.0051,-93.625,,,,,,,,,,,,,,,,,,,,,,,,,,,,,,,,,,,,,,,,,,,,,,,,,,,,,,,,,,,,,,,,,,,,,
600354.SH,600354,敦煌种业,10007176,通用,2005-03-31 00:00:00,一季报,2005一季报,058001001,2006-04-27 00:00:00,2006-04-27 00:00:00,CNY,161633319.11,25.9806474706,161633319.11,25.9806474706,,,,,,,,,,,161662581.79,27.6234170403,127950252.06,27.9051143579,,,,,,,,,,,,,,,,,,,23479.19,,16131610.72,51.4541439601,11776681.98,18.1356757655,,,5780557.84,-3.9191574422,,,,,,,,,,,,,,,,,,,,,,,,,,,,,,,173394.13,635.260408065,144131.45,-90.9891272376,73265.19,6633.9329044118,,,90530.0,1.0837612896,,,,,480000.0,380.0,606866.64,-62.3311456182,,,,,0,,,,606866.64,-62.3311456182,,,,,,,1259234.17,-21.8380028563,-652367.53,,796498.98,-49.9591451865,,,,,,,,,,,,,,,,,,,,,,,,,,,,,,,,,,,,,,,,,,,,,,,,,,,,,,,,,,,,,,,,,,,,,,,,,,,
600354.SH,600354,敦煌种业,10007176,通用,2004-12-31 00:00:00,年报,2004年报,058001001,2006-04-21 00:00:00,2006-04-21 00:00:00,CNY,746214777.32,66.1952099674,746214777.32,66.1952099674,,,,,,,,,,,721753946.69,69.9463439265,598863683.76,77.0637045203,,,,,,,,,,,,,,,,,,,334930.83,97.6393040008,42825220.36,33.923670589,59614072.57,53.5187524718,,,20116039.17,29.8037736506,,,,,,,,,,,,,-1975004.98,-433.7607172197,,,,,,,,,,,,,,,,,419412.5,-46.7848002126,22905238.15,-10.8178777222,581735.49,150.3051023155,,,1653829.65,-42.5010369741,,,,,9453120.0,4.3390728477,31286263.99,-2.5343925745,,,,,0,,,,31286263.99,-2.5343925745,,,,,,,30249383.62,-5.7645697258,1036880.37,,23570556.06,-5.7924517095,,,,,0.17,-41.3793103448,,,,,,,,,,,,,,,,,,,,,,,,,,,,,,,,,,,,,,,,,,,,,,,,,,,,,,,,,,,,,,,,,,,,,标准无保留意见
600354.SH,600354,敦煌种业,10007176,通用,2004-09-30 00:00:00,三季报,2004三季报,058001001,2005-10-31 00:00:00,2005-10-31 00:00:00,CNY,443604762.45,94.1711868779,443604762.45,94.1711868779,,,,,,,,,,,441931035.04,95.5207983605,363992947.99,106.7492967478,,,,,,,,,,,,,,,,,,,324354.02,63.7126427749,27846040.8,29.6187333757,37303521.64,82.2191666611,,,12464170.59,59.3994622281,,,,,,,,,,,,,3371.4,,,,,,,,,,,,,,,,,,-11643.17,-104.8416148078,1665455.64,-37.7050527122,70613.37,-53.2864685541,,,409393.08,-63.3112163621,,,,,6960000.0,-23.178807947,8286675.93,-23.0492841455,2685.07,,,,0,,,,8283990.86,-23.0742179139,,,,,,,8385142.6,-22.1349150054,-101151.74,,1760550.91,,,,,,,,,,,,,,,,,,,,,,,,,,,,,,,,,,,,,,,,,,,,,,,,,,,,,,,,,,,,,,,,,,,,,,,,,,,,
600354.SH,600354,敦煌种业,10007176,通用,2004-06-30 00:00:00,中报,2004中报,058001001,2005-08-06 00:00:00,2005-08-06 00:00:00,CNY,359698398.56,72.6095135553,359698398.56,72.6095135553,,,,,,,,,,,348016484.93,73.2497362787,292458230.84,81.0364991179,,,,,,,,,,,,,,,,,,,3886.02,-97.7439638572,19173494.8,6.3429135547,26895095.77,76.087768858,,,9485777.5,62.0599526378,,,,,,,,,,,,,3371.4,,,,,,,,,,,,,,,,,,95709.32,-59.0416333137,11780994.35,52.0802189318,16248.64,-89.1665138184,,,265257.82,-75.6710456943,,,,,5180000,-42.825607064,16711985.17,5.3303746447,,,,,0,,,,16711985.17,5.3303746447,,,,,,,16873575.11,6.3488251008,-161589.94,,11777622.95,-29.6714142207,,,,,0.08,-42.8571428571,,,,,,,,,,,,,,,,,,,,,,,,,,,,,,,,,,,,,,,,,,,,,,,,,,,,,,,,,,,,,,,,,,,,,未经审计
600354.SH,600354,敦煌种业,10007176,通用,2004-03-31 00:00:00,一季报,2004一季报,058001001,2005-04-25 00:00:00,2005-04-25 00:00:00,CNY,128300117.8,14.7756094104,128300117.8,14.7756094104,,,,,,,,,,,126671566.66,10.2779626812,100035289.99,8.4054495068,,,,,,,,,,,,,,,,,,,,,10651151.76,-11.0319306111,9968776.92,14.1707353705,,,6016347.99,222.1767567767,,,,,,,,,,,,,3371.4,,,,,,,,,,,,,,,,,,-32394.35,-363.9440112962,1599528.19,152.1018222935,1088.0,-98.3389181105,,,89559.39,-87.0241233997,,,,,100000,66.6666666667,1611056.8,144.3242918506,,,,,0,,,,1611056.8,144.3242918506,,,,,,,1611056.8,144.3242918506,,,1591697.39,,,,,,,,,,,,,,,,,,,,,,,,,,,,,,,,,,,,,,,,,,,,,,,,,,,,,,,,,,,,,,,,,,,,,,,,,,,,
600354.SH,600354,敦煌种业,10007176,通用,2003-12-31 00:00:00,年报,2003年报,058001001,2005-04-16 00:00:00,2005-04-16 00:00:00,CNY,448998967.82,-19.1733834505,448998967.82,-19.1733834505,,,,,,,,,,,424695189.09,-19.1691526314,338219334.89,-22.2081162557,,,,,,,,,,,,,,,,,,,169465.7,7.5436209378,31977334.68,-10.6464862094,38831785.44,-0.3283429732,,,15497268.38,-1.498107373,,,,,,,,,,,,,591742.79,,,,,,,,,,,,,,,,,,788144.18,-40.25490358,25683665.7,-18.2457877559,232410.56,1205.0321189524,,,2876277.35,222.5966795531,,,,,9060000,-25.1427408953,32099798.91,-24.7277859174,,,,,0,,,,32099798.91,-5.9076005213,,,,,,,32099798.91,-5.9076005213,,,25019816.87,-21.5334029848,,,,,0.29,-6.4516129032,,,,,,,,,,,,,,,,,,,,,,,,,,,,,,,,,,,,,,,,,,,,,,,,,,,,,,,,,,,,,,,,,,,,,标准无保留意见
600354.SH,600354,敦煌种业,10007176,通用,2003-09-30 00:00:00,三季报,2003三季报,058001001,2004-10-29 00:00:00,2004-10-29 00:00:00,CNY,228460653.5,,228460653.5,,,,,,,,,,,,226027634.27,,176055229.07,,,,,,,,,,,,,,,,,,,,198123.99,,21483037.27,,20471788.08,,,,7819455.86,,,,,,,,,,,,,,,,,,,,,,,,,,,,,,,,240481.13,,2673500.36,,151162.56,,,,1115853.51,,,,,,9060000,,10768809.41,,,,,,0,,,,10768809.41,,,,,,,,10768809.41,,,,,,,,,,,,,,,,,,,,,,,,,,,,,,,,,,,,,,,,,,,,,,,,,,,,,,,,,,,,,,,,,,,,,,,,,,,,,,,,
600354.SH,600354,敦煌种业,10007176,通用,2003-06-30 00:00:00,中报,2003中报,058001001,2004-08-12 00:00:00,2004-08-12 00:00:00,CNY,208388512.98,,208388512.98,,,,,,,,,,,,200875621.75,,161546556.78,,,,,,,,,,,,,,,,,,,,172249.9,,18029875.39,,15273687.63,,,,5853252.05,,,,,,,,,,,,,,,,,,,,,,,,,,,,,,,,233674.65,,7746565.88,,149985.33,,,,1090296.84,,,,,,9060000,,15866254.37,,,,,,0,,,,15866254.37,,,,,,,,15866254.37,,,,16746565.88,,,,,,0.14,,,,,,,,,,,,,,,,,,,,,,,,,,,,,,,,,,,,,,,,,,,,,,,,,,,,,,,,,,,,,,,,,,,,,,未经审计
600354.SH,600354,敦煌种业,10007176,通用,2003-03-31 00:00:00,一季报,2003一季报,058001001,2004-04-24 00:00:00,2004-04-24 00:00:00,CNY,111783434.18,,111783434.18,,,,,,,,,,,,114865711.68,,92278838.79,,,,,,,,,,,,,,,,,,,,16121.28,,11971881.41,,8731464.23,,,,1867405.97,,,,,,,,,,,,,,,,,,,,,,,,,,,,,,,,12273.19,,-3070004.31,,65499.48,,,,690199.15,,,,,,60000.0,,-3634703.98,,,,,,0,,,,-3634703.98,,,,,,,,-3634703.98,,,,,,,,,,,,,,,,,,,,,,,,,,,,,,,,,,,,,,,,,,,,,,,,,,,,,,,,,,,,,,,,,,,,,,,,,,,,,,,,
600354.SH,600354,敦煌种业,10007176,通用,2002-12-31 00:00:00,年报,2002年报,058001001,2004-03-18 00:00:00,2004-03-18 00:00:00,CNY,555508800.18,73.1684479137,555508800.18,73.1684479137,,,,,,,,,,,525412268.85,75.83913742,434774578.8,86.7026535401,,,,,,,,,,,,,,,,,,,157578.57,-62.1783086912,35787439.49,37.5246896576,38959706.9,45.1423724182,,,15732965.09,24.3600190623,,,,,,,,,,,,,,,,,,,,,,,,,,,,,,,1319178.02,-29.917385767,31415709.35,30.57691561,17808.8,-96.3192724061,,,891601.66,-73.9291511616,,,,,12103034.64,31.2693561822,42644951.13,40.5425859037,8529763.2,27.6856161009,,,0,100.0,,,34115187.93,46.2906136907,,,,,,,34115187.93,46.2906136907,,,31885946.15,20.6753339391,,,,,0.31,93.75,,,,,,,,,,,,,,,,,,,,,,,,,,,,,,,,,,,,,,,,,,,,,,,,,,,,,,,,,,,,,,,,,,,,,未经审计
600354.SH,600354,敦煌种业,10007176,通用,2001-12-31 00:00:00,年报,2001年报,058001001,2003-12-24 00:00:00,2003-12-24 00:00:00,CNY,320791002.56,-19.4309632654,320791002.56,-19.4309632654,,,,,,,,,,,298802801.56,-21.0543690835,232870058.65,-26.0919953136,,,,,,,,,,,,,,,,,,,416635.44,-58.1239926327,26022556.08,-9.5330681635,26842407.39,11.9528400551,,,12651144.0,30.7647676692,,,,,,,,,,,,,188640.72,1.2995385959,,,,,,,,,,,,,,,,,1882318.51,-25.5437210937,24059160.23,7.5072315961,483839.12,-88.1821052474,,,3419918.03,0.8495299152,,,,,9220000.0,-33.561045428,30343081.32,-17.9018583387,6680285.11,-47.0876021166,,,-342648,,,,23320148.21,-4.167752476,,,,,,,23320148.21,0.8244211359,,,26422919.34,27.9619126653,,,,,0.16,6.6666666667,,,,,,,,,,,,,,,,,,,,,,,,,,,,,,,,,,,,,,,,,,,,,,,,,,,,,,,,,,,,,,,,,,,,,未经审计
600354.SH,600354,敦煌种业,10007176,通用,2000-12-31 00:00:00,年报,2000年报,058001001,2003-12-24 00:00:00,2003-12-24 00:00:00,CNY,398156680.98,,398156680.98,,,,,,,,,,,,378491878.64,,315080970.78,,,,,,,,,,,,,,,,,,,,994926.37,,28764716.07,,23976530.99,,,,9674734.43,,,,,,,,,,,,,,186220.71,,,,,,,,,,,,,,,,,,2528085.66,,22379108.71,,4094122.77,,,,3391109.54,,,,,,13877400.78,,36959522.72,,12625179.31,,,,0,,,,24334343.41,,,,,,,,23129464.02,,1204879.39,,20649050.01,,,,,,0.15,,,,,,,,,,,,,,,,,,,,,,,,,,,,,,,,,,,,,,,,,,,,,,,,,,,,,,,,,,,,,,,,,,,,,,未经审计
