SECUCODE,SECURITY_CODE,SECURITY_NAME_ABBR,ORG_CODE,ORG_TYPE,REPORT_DATE,REPORT_TYPE,REPORT_DATE_NAME,SECURITY_TYPE_CODE,NOTICE_DATE,UPDATE_DATE,CURRENCY,TOTAL_OPERATE_INCOME,TOTAL_OPERATE_INCOME_YOY,OPERATE_INCOME,OPERATE_INCOME_YOY,INTEREST_INCOME,INTEREST_INCOME_YOY,EARNED_PREMIUM,EARNED_PREMIUM_YOY,FEE_COMMISSION_INCOME,FEE_COMMISSION_INCOME_YOY,OTHER_BUSINESS_INCOME,OTHER_BUSINESS_INCOME_YOY,TOI_OTHER,TOI_OTHER_YOY,TOTAL_OPERATE_COST,TOTAL_OPERATE_COST_YOY,OPERATE_COST,OPERATE_COST_YOY,INTEREST_EXPENSE,INTEREST_EXPENSE_YOY,FEE_COMMISSION_EXPENSE,FEE_COMMISSION_EXPENSE_YOY,RESEARCH_EXPENSE,RESEARCH_EXPENSE_YOY,SURRENDER_VALUE,SURRENDER_VALUE_YOY,NET_COMPENSATE_EXPENSE,NET_COMPENSATE_EXPENSE_YOY,NET_CONTRACT_RESERVE,NET_CONTRACT_RESERVE_YOY,POLICY_BONUS_EXPENSE,POLICY_BONUS_EXPENSE_YOY,REINSURE_EXPENSE,REINSURE_EXPENSE_YOY,OTHER_BUSINESS_COST,OTHER_BUSINESS_COST_YOY,OPERATE_TAX_ADD,OPERATE_TAX_ADD_YOY,SALE_EXPENSE,SALE_EXPENSE_YOY,MANAGE_EXPENSE,MANAGE_EXPENSE_YOY,ME_RESEARCH_EXPENSE,ME_RESEARCH_EXPENSE_YOY,FINANCE_EXPENSE,FINANCE_EXPENSE_YOY,FE_INTEREST_EXPENSE,FE_INTEREST_EXPENSE_YOY,FE_INTEREST_INCOME,FE_INTEREST_INCOME_YOY,ASSET_IMPAIRMENT_LOSS,ASSET_IMPAIRMENT_LOSS_YOY,CREDIT_IMPAIRMENT_LOSS,CREDIT_IMPAIRMENT_LOSS_YOY,TOC_OTHER,TOC_OTHER_YOY,FAIRVALUE_CHANGE_INCOME,FAIRVALUE_CHANGE_INCOME_YOY,INVEST_INCOME,INVEST_INCOME_YOY,INVEST_JOINT_INCOME,INVEST_JOINT_INCOME_YOY,NET_EXPOSURE_INCOME,NET_EXPOSURE_INCOME_YOY,EXCHANGE_INCOME,EXCHANGE_INCOME_YOY,ASSET_DISPOSAL_INCOME,ASSET_DISPOSAL_INCOME_YOY,ASSET_IMPAIRMENT_INCOME,ASSET_IMPAIRMENT_INCOME_YOY,CREDIT_IMPAIRMENT_INCOME,CREDIT_IMPAIRMENT_INCOME_YOY,OTHER_INCOME,OTHER_INCOME_YOY,OPERATE_PROFIT_OTHER,OPERATE_PROFIT_OTHER_YOY,OPERATE_PROFIT_BALANCE,OPERATE_PROFIT_BALANCE_YOY,OPERATE_PROFIT,OPERATE_PROFIT_YOY,NONBUSINESS_INCOME,NONBUSINESS_INCOME_YOY,NONCURRENT_DISPOSAL_INCOME,NONCURRENT_DISPOSAL_INCOME_YOY,NONBUSINESS_EXPENSE,NONBUSINESS_EXPENSE_YOY,NONCURRENT_DISPOSAL_LOSS,NONCURRENT_DISPOSAL_LOSS_YOY,EFFECT_TP_OTHER,EFFECT_TP_OTHER_YOY,TOTAL_PROFIT_BALANCE,TOTAL_PROFIT_BALANCE_YOY,TOTAL_PROFIT,TOTAL_PROFIT_YOY,INCOME_TAX,INCOME_TAX_YOY,EFFECT_NETPROFIT_OTHER,EFFECT_NETPROFIT_OTHER_YOY,EFFECT_NETPROFIT_BALANCE,EFFECT_NETPROFIT_BALANCE_YOY,UNCONFIRM_INVEST_LOSS,UNCONFIRM_INVEST_LOSS_YOY,NETPROFIT,NETPROFIT_YOY,PRECOMBINE_PROFIT,PRECOMBINE_PROFIT_YOY,CONTINUED_NETPROFIT,CONTINUED_NETPROFIT_YOY,DISCONTINUED_NETPROFIT,DISCONTINUED_NETPROFIT_YOY,PARENT_NETPROFIT,PARENT_NETPROFIT_YOY,MINORITY_INTEREST,MINORITY_INTEREST_YOY,DEDUCT_PARENT_NETPROFIT,DEDUCT_PARENT_NETPROFIT_YOY,NETPROFIT_OTHER,NETPROFIT_OTHER_YOY,NETPROFIT_BALANCE,NETPROFIT_BALANCE_YOY,BASIC_EPS,BASIC_EPS_YOY,DILUTED_EPS,DILUTED_EPS_YOY,OTHER_COMPRE_INCOME,OTHER_COMPRE_INCOME_YOY,PARENT_OCI,PARENT_OCI_YOY,MINORITY_OCI,MINORITY_OCI_YOY,PARENT_OCI_OTHER,PARENT_OCI_OTHER_YOY,PARENT_OCI_BALANCE,PARENT_OCI_BALANCE_YOY,UNABLE_OCI,UNABLE_OCI_YOY,CREDITRISK_FAIRVALUE_CHANGE,CREDITRISK_FAIRVALUE_CHANGE_YOY,OTHERRIGHT_FAIRVALUE_CHANGE,OTHERRIGHT_FAIRVALUE_CHANGE_YOY,SETUP_PROFIT_CHANGE,SETUP_PROFIT_CHANGE_YOY,RIGHTLAW_UNABLE_OCI,RIGHTLAW_UNABLE_OCI_YOY,UNABLE_OCI_OTHER,UNABLE_OCI_OTHER_YOY,UNABLE_OCI_BALANCE,UNABLE_OCI_BALANCE_YOY,ABLE_OCI,ABLE_OCI_YOY,RIGHTLAW_ABLE_OCI,RIGHTLAW_ABLE_OCI_YOY,AFA_FAIRVALUE_CHANGE,AFA_FAIRVALUE_CHANGE_YOY,HMI_AFA,HMI_AFA_YOY,CASHFLOW_HEDGE_VALID,CASHFLOW_HEDGE_VALID_YOY,CREDITOR_FAIRVALUE_CHANGE,CREDITOR_FAIRVALUE_CHANGE_YOY,CREDITOR_IMPAIRMENT_RESERVE,CREDITOR_IMPAIRMENT_RESERVE_YOY,FINANCE_OCI_AMT,FINANCE_OCI_AMT_YOY,CONVERT_DIFF,CONVERT_DIFF_YOY,ABLE_OCI_OTHER,ABLE_OCI_OTHER_YOY,ABLE_OCI_BALANCE,ABLE_OCI_BALANCE_YOY,OCI_OTHER,OCI_OTHER_YOY,OCI_BALANCE,OCI_BALANCE_YOY,TOTAL_COMPRE_INCOME,TOTAL_COMPRE_INCOME_YOY,PARENT_TCI,PARENT_TCI_YOY,MINORITY_TCI,MINORITY_TCI_YOY,PRECOMBINE_TCI,PRECOMBINE_TCI_YOY,EFFECT_TCI_BALANCE,EFFECT_TCI_BALANCE_YOY,TCI_OTHER,TCI_OTHER_YOY,TCI_BALANCE,TCI_BALANCE_YOY,ACF_END_INCOME,ACF_END_INCOME_YOY,OPINION_TYPE
603359.SH,603359,东珠生态,10186616,通用,2023-03-31 00:00:00,一季报,2023一季报,058001001,2023-04-28 00:00:00,2023-04-28 00:00:00,CNY,159757394.62,-62.8433560621,159757394.62,-62.8433560621,,,,,,,,,,,154309178.93,-53.7256644408,124061700.12,-58.9340208074,,,,,6456184.02,-53.9959518204,,,,,,,,,,,,,346450.04,-41.7341633155,,,18095662.93,48.216934592,,,5349181.82,18.2087410508,5821783.98,-1.5808900012,1268033.98,-21.6359500698,,,,,,,,,,,,,,,,,,,,,,,1600511.2,99.9424349708,,,0,,7048726.89,-92.7550024458,,,,,,,,,,,0,,7048726.89,-92.7550024458,1273809.92,-92.0382953038,,,,,,,5774916.97,-92.8960591989,,,5774916.97,-92.8960591989,,,6114904.55,-92.5253418449,-339987.58,34.2060573587,4754470.03,-94.1395500295,,,,,0.01,-94.4444444444,0.01,-94.4444444444,,,,,,,,,,,,,,,,,,,,,,,,,,,,,,,,,,,,,,,,,,,,,,,,,,,5774916.97,-92.8960591989,6114904.55,-92.5253418449,-339987.58,34.2060573587,,,,,,,,,,,
603359.SH,603359,东珠生态,10186616,通用,2022-12-31 00:00:00,年报,2022年报,058001001,2023-04-28 00:00:00,2023-04-28 00:00:00,CNY,1242036740.79,-54.1810513182,1242036740.79,-54.1810513182,,,,,,,,,,,1066757607.95,-46.6695288379,956715076.74,-49.800978313,,,,,61735453.96,-27.3727668346,,,,,,,,,,,,,2130713.68,39.2205704047,,,92750339.02,0.1782657893,,,-46573975.45,45.0033614449,26183620.82,563.8663751707,74044429.0,-17.2849319291,,,,,,,,,631405.06,64.6928703426,,,,,,,-5709.42,-115.3696231476,-85466177.42,-890.4413911344,-51940575.09,67.6234959493,1129284.01,-41.2563563858,,,0,,39627359.98,-92.963890468,,,,,169312.02,109.1418517239,,,,,0,,39458047.96,-92.9929457689,12188984.75,-85.2318859344,,,,,,,27269063.21,-94.3258380074,,,27269063.21,-94.3258646439,,,34785239.07,-92.7650267767,-7516175.86,-3482.0720725014,33452735.82,-93.0142329658,,,,,0.08,-92.5925925926,0.08,-92.5925925926,,,,,,,,,,,,,,,,,,,,,,,,,,,,,,,,,,,,,,,,,,,,,,,,,,,27269063.21,-94.3258380074,34785239.07,-92.7650267767,-7516175.86,-3482.0720725014,,,,,,,,,,,标准无保留意见
603359.SH,603359,东珠生态,10186616,通用,2022-09-30 00:00:00,三季报,2022三季报,058001001,2022-10-28 00:00:00,2022-10-28 00:00:00,CNY,1230236240.78,-31.2927254211,1230236240.78,-31.2927254211,,,,,,,,,,,1001443076.65,-26.4303172327,874342295.12,-30.6357481012,,,,,55155652.55,3.6601929593,,,,,,,,,,,,,1331320.95,10.4097268435,,,55692052.34,-7.9118725313,,,14921755.69,205.214071408,19242406.06,1846.0797858075,5399045.18,-66.0729631739,,,,,,,,,1240120.04,95.7569123915,,,,,,,,,-368603.91,71.686265488,-1254629.14,74.1050624032,1079284.01,-39.2758245886,,,0,,229489335.13,-46.0766277415,,,,,169311.81,665.6352339479,,,,,0,,229320023.32,-46.1136111257,39585752.78,-37.0153538622,,,,,,,189734270.54,-47.6901339165,,,189734270.54,-47.6901339165,,,191031357.23,-46.9514020224,-1297086.69,-149.7753348348,189059863.79,-47.2024261317,,,,,0.43,-46.9135802469,0.42,-47.5,,,,,,,,,,,,,,,,,,,,,,,,,,,,,,,,,,,,,,,,,,,,,,,,,,,189734270.54,-47.6901339165,191031357.23,-46.9514020224,-1297086.69,-149.7753348348,,,,,,,,,,,
603359.SH,603359,东珠生态,10186616,通用,2022-06-30 00:00:00,中报,2022中报,058001001,2022-08-30 00:00:00,2022-08-30 00:00:00,CNY,967055615.79,-24.2696528846,967055615.79,-24.2696528846,,,,,,,,,,,759901183.43,-19.7352357823,680687981.61,-22.432283797,,,,,30481024.99,-0.9615441526,,,,,,,,,,,,,1231642.76,75.396366932,,,38549842.83,-2.3212233591,,,8950691.24,613.7483443514,12001236.93,,3436989.55,33.6366692763,,,,,,,,,1386104.17,118.8009739542,,,,,,,,,-382603.91,65.5543100256,-1254629.14,75.0877079063,952145.01,-43.4096459283,,,0,,207855448.49,-36.316515664,,,,,,,,,,,0,,207855448.49,-36.3161205522,30704670.75,-34.9714523881,,,,,,,177150777.74,-36.543550796,,,177150777.74,-36.543550796,,,178109338.54,-35.7839589377,-958560.8,-152.9740014289,176121826.74,-36.0489885331,,,,,0.4,-35.4838709677,0.4,-35.4838709677,,,,,,,,,,,,,,,,,,,,,,,,,,,,,,,,,,,,,,,,,,,,,,,,,,,177150777.74,-36.543550796,178109338.54,-35.7839589377,-958560.8,-152.9740014289,,,,,,,,,,,
603359.SH,603359,东珠生态,10186616,通用,2022-03-31 00:00:00,一季报,2022一季报,058001001,2022-04-29 00:00:00,2023-04-28 00:00:00,CNY,429956469.93,-17.9103340414,429956469.93,-17.9103340414,,,,,,,,,,,333466006.73,-17.9931803567,302103353.09,-19.9919927493,,,,,14033947.61,43.8364220139,,,,,,,,,,,,,594602.36,25.4354328419,,,12208903.78,-37.2161806706,,,4525199.89,811.2799953172,5915298.34,,1618132.27,224.1815037683,,,,,,,,,,,,,,,,,,,,,,,800486.0,200.4514469852,,,0,,97290949.2,-16.3066302607,,,,,,,,,,,0,,97290949.2,-16.305172312,15999210.83,-10.5490842891,,,,,,,81291738.37,-17.3518855965,,,81291738.37,-17.3518855965,,,81808484.39,-18.0687327575,-516746.02,65.3489419933,81128071.29,-18.5738095946,,,,,0.18,-18.1818181818,0.18,-18.1818181818,,,,,,,,,,,,,,,,,,,,,,,,,,,,,,,,,,,,,,,,,,,,,,,,,,,81291738.37,-17.3518855965,81808484.39,-18.0687327575,-516746.02,65.3489419933,,,,,,,,,,,
603359.SH,603359,东珠生态,10186616,通用,2021-12-31 00:00:00,年报,2021年报,058001001,2022-04-29 00:00:00,2023-04-28 00:00:00,CNY,2710749103.86,15.9476572636,2710749103.86,15.9476572636,,,,,,,,,,,2000277861.24,10.6811792527,1905844067.45,14.7511114555,,,,,85003174.8,12.8045631396,,,,,,,,,,,,,1530458.95,-10.5796709556,,,92585291.12,27.4362494287,,,-84685131.08,-2446.6482041649,3944110.11,,89517461.24,1764.0022386652,,,,,,,,,383383.36,102.8093307419,,,,,,,37147.43,,10812462.3,123.2168500521,-160426755.8,-1129.4135803399,1922393.54,2.110430071,,,0,,563199873.45,22.6267390807,,,,,80955.59,97.4695638578,,,,,0,,563118917.86,22.6200500447,82535824.79,23.5131913185,,,,,,,480583093.07,22.4679591187,,,480585349.11,22.4685340299,-2256.04,,480792920.67,26.402248448,-209827.6,-101.7415986065,478869902.99,22.6605908048,,,,,1.08,27.0588235294,1.08,27.0588235294,,,,,,,,,,,,,,,,,,,,,,,,,,,,,,,,,,,,,,,,,,,,,,,,,,,480583093.07,22.4679591187,480792920.67,26.402248448,-209827.6,-101.7415986065,,,,,,,,,-2098708.31,89.9432165259,标准无保留意见
603359.SH,603359,东珠生态,10186616,通用,2021-09-30 00:00:00,三季报,2021三季报,058001001,2021-10-22 00:00:00,2022-10-28 00:00:00,CNY,1790547286.76,2.0950103883,1790547286.76,2.0950103883,,,,,,,,,,,1361217065.21,3.3094186422,1260508505.73,2.6322706294,,,,,53208132.24,39.2451161811,,,,,,,,,,,,,1205800.42,120.7366667219,,,60476908.23,12.0222601915,,,-14182281.41,-328.1648110539,988777.86,,15913695.05,271.9436011162,,,,,,,,,633500.0,-88.2247624992,,,,,,,-9977.92,,-1301855.5,93.4620072173,-4845074.97,,1777354.74,-4.7485539488,,,0,,425584167.9,0.4857579057,,,,,22113.9,226.2873980255,,,,,0,,425562054.0,0.4821444883,62849845.49,-4.250922305,,,,,,,362712208.51,1.3502548092,,,362712208.51,1.3502548092,,,360106326.11,3.2771687219,2605882.4,-71.6764456992,358084377.63,4.542167704,,,,,0.81,3.8461538462,0.8,3.8961038961,,,,,,,,,,,,,,,,,,,,,,,,,,,,,,,,,,,,,,,,,,,,,,,,,,,362712208.51,1.3502548092,360106326.11,3.2771687219,2605882.4,-71.6764456992,,,,,,,,,,,
603359.SH,603359,东珠生态,10186616,通用,2021-06-30 00:00:00,中报,2021中报,058001001,2021-08-20 00:00:00,2022-08-30 00:00:00,CNY,1276972379.8,5.5677823736,1276972379.8,5.5677823736,,,,,,,,,,,946743182.81,4.6914687934,877540315.65,4.028654713,,,,,30776959.04,8.8038974825,,,,,,,,,,,,,702205.4,63.08487699,,,39465935.34,16.4319953622,,,-1742232.62,5.9404130554,,,2571891.06,14.6111451671,,,,,,,,,633500.0,-81.2285978978,,,,,,,-9977.92,,-1110745.38,,-5036185.09,58.2453431951,1682521.74,37.0325017429,,,0,,326388310.34,9.582523471,,,,,2025.0,-63.2984623415,,,,,0,,326386285.34,9.5838735829,47217217.48,5.9768398863,,,,,,,279169067.86,10.2183657948,,,279169067.86,10.2183657948,,,277359574.95,11.7882076382,1809492.91,-65.0379566684,275401158.95,12.7749928394,,,,,0.62,10.7142857143,0.62,10.7142857143,,,,,,,,,,,,,,,,,,,,,,,,,,,,,,,,,,,,,,,,,,,,,,,,,,,279169067.86,10.2183657948,277359574.95,11.7882076382,1809492.91,-65.0379566684,,,,,,,,,,,
603359.SH,603359,东珠生态,10186616,通用,2021-03-31 00:00:00,一季报,2021一季报,058001001,2021-04-28 00:00:00,2022-04-29 00:00:00,CNY,523764428.7,26.7569829124,523764428.7,26.7569829124,,,,,,,,,,,406632043.75,26.4416747209,377591398.0,27.2342395223,,,,,9756880.36,35.1572434801,,,,,,,,,,,,,474030.62,75.3736085983,,,19445939.91,6.6798436778,,,-636205.14,28.49138096,,,-1303038.07,-211.7539911111,,,,,,,,,,,,,,,,,-9977.92,,,,-1141933.13,-58.1630244635,266427.74,-23.7130130388,,,0,,116246901.64,25.0887562169,,,,,2025.0,-63.2984623415,,,,,0,,116244876.64,25.0940042058,17886022.41,24.7157951384,,,,,,,98358854.23,25.1630260947,,,98358854.23,25.1630260947,,,99850139.2,26.0527116898,-1491284.97,-137.310430808,99633878.1,28.5960078064,,,,,0.22,-12.0,0.22,-8.3333333333,,,,,,,,,,,,,,,,,,,,,,,,,,,,,,,,,,,,,,,,,,,,,,,,,,,98358854.23,25.1630260947,99850139.2,26.0527116898,-1491284.97,-137.310430808,,,,,,,,,,,
603359.SH,603359,东珠生态,10186616,通用,2020-12-31 00:00:00,年报,2020年报,058001001,2021-04-16 00:00:00,2022-04-29 00:00:00,CNY,2337907610.93,15.9280076464,2337907610.93,15.9280076464,,,,,,,,,,,1807242997.18,15.0865374756,1660850202.91,15.6622287682,,,,,75354376.13,20.8864017467,,,,,,,,,,,,,1711533.57,117.3617944235,,,72652241.05,-8.3908743406,,,-3325356.48,58.6589655188,,,4802433.14,-42.3651293658,,,,,,,,,-13646786.2,-354.0962220579,,,,,,,,,-46571616.2,,-13049046.99,-116.4683887344,1882661.29,-14.5745878099,,,0,,459279825.65,4.4944244988,29.13,,,,40996.49,-83.2227804058,,,,,0,,459238858.29,4.5432253902,66823489.79,5.6892485728,,,,,,,392415368.5,4.3505436971,,,392415368.5,4.3505436971,,,380367379.99,5.2172461256,12047988.51,-17.1859826287,390402410.3,7.7285459917,,,,,0.85,-24.7787610619,0.85,-24.7787610619,,,,,,,,,,,,,,,,,,,,,,,,,,,,,,,,,,,,,,,,,,,,,,,,,,,392415368.5,4.3505436971,380367379.99,5.2172461256,12047988.51,-17.1859826287,,,,,,,,,-20868584.03,-72.1704452378,标准无保留意见
603359.SH,603359,东珠生态,10186616,通用,2020-09-30 00:00:00,三季报,2020三季报,058001001,2020-10-20 00:00:00,2021-10-22 00:00:00,CNY,1753804892.08,28.0647972021,1753804892.08,28.0647972021,,,,,,,,,,,1317611775.48,23.8472364509,1228179497.54,24.1293863809,,,,,38211848.07,54.0730258831,,,,,,,,,,,,,546261.95,26.165104925,,,53986509.58,-4.8029765562,,,-3312341.66,55.7083944171,,,4278523.68,-41.4495274161,,,,,,,,,5379933.95,11.7648540893,,,,,,,,,-19912158.72,-72.1688436292,,,1865960.9,189.0005376049,,,0,,423526852.73,41.4302978697,,,,,6777.43,-68.2675915942,,,,,0,,423520075.3,41.4381223006,65640157.59,43.1697220825,,,,,,,357879917.71,41.1250585658,,,357879917.71,41.1250585658,,,348679510.26,40.9913923269,9200407.45,46.3845498103,342526260.45,41.146696572,,,,,0.78,0.0,0.77,-1.2820512821,,,,,,,,,,,,,,,,,,,,,,,,,,,,,,,,,,,,,,,,,,,,,,,,,,,357879917.71,41.1250585658,348679510.26,40.9913923269,9200407.45,46.3845498103,,,,,,,,,,,
603359.SH,603359,东珠生态,10186616,通用,2020-06-30 00:00:00,中报,2020中报,058001001,2020-08-07 00:00:00,2021-08-20 00:00:00,CNY,1209623192.88,17.5181102014,1209623192.88,17.5181102014,,,,,,,,,,,904317413.56,14.754849232,843556343.27,14.0553107583,,,,,28286632.88,81.2934780283,,,,,,,,,,,,,430576.65,33.364049613,,,33896125.56,-6.2010347057,,,-1852264.8,48.8679696335,,,2244014.8,-34.4842756627,,,,,,,,,3374814.5,-22.2966269269,,,,,,,,,,,-12061373.45,,1227826.77,391.130708,,,0,,297847047.14,26.3182904705,,,,,5517.48,,,,,,0,,297841529.66,26.3159504821,44554279.53,23.6393013797,,,,,,,253287250.13,26.7988159998,,,253287250.13,26.7988159998,,,248111657.58,23.7596281765,5175592.55,815.4006014151,244204102.36,24.229829215,,,,,0.56,-11.1111111111,0.56,-11.1111111111,,,,,,,,,,,,,,,,,,,,,,,,,,,,,,,,,,,,,,,,,,,,,,,,,,,253287250.13,26.7988159998,248111657.58,23.7596281765,5175592.55,815.4006014151,,,,,,,,,,,
603359.SH,603359,东珠生态,10186616,通用,2020-03-31 00:00:00,一季报,2020一季报,058001001,2020-04-28 00:00:00,2021-04-28 00:00:00,CNY,413203609.51,-4.0120886927,413203609.51,-4.0120886927,,,,,,,,,,,321596534.25,-3.4384066539,296768699.54,-3.9908752556,,,,,7218910.44,-5.2951769886,,,,,,,,,,,,,270297.58,104.7341038413,,,18228316.84,1.7961369885,,,-889690.15,48.2090699525,,,1165987.95,162.2755982313,,,,,,,,,1697213.55,,,,,,,,,,,,-721997.53,58.172913016,349244.02,39.697608,,,0,,92931535.3,-3.1462800502,,,,,5517.48,,,,,,0,,92926017.82,-3.152030396,14341425.15,-2.1186090768,,,,,,,78584592.67,-3.3382762973,,,78584592.67,-3.3382762973,,,79213003.72,-3.3062626851,-628411.05,-0.8714844442,77478204.65,-5.1779341438,,,,,0.25,-3.8461538462,0.24,-7.6923076923,,,,,,,,,,,,,,,,,,,,,,,,,,,,,,,,,,,,,,,,,,,,,,,,,,,78584592.67,-3.3382762973,79213003.72,-3.3062626851,-628411.05,-0.8714844442,,,,,,,,,,,
603359.SH,603359,东珠生态,10186616,通用,2019-12-31 00:00:00,年报,2019年报,058001001,2020-04-22 00:00:00,2021-04-16 00:00:00,CNY,2016689200.82,26.5338611913,2016689200.82,26.5338611913,,,,,,,,,,,1570333973.74,27.5813952296,1435948641.66,25.4128583902,,,,,62334865.66,114.9659638278,,,,,,,,,,,,,787412.33,-54.4250932456,,,79306772.69,32.2802800262,,,-8043718.6,-67.3211428599,,,8332513.09,2.3584524774,,,,,,,,,-3005263.1,-113.8203545986,,,,,,,,,,,-6028153.61,,2203865.62,-68.903178715,,,0,,439525675.99,15.3431588224,,,,,244358.07,14725.1239178047,,,,,0,,439281317.92,15.279531445,63226383.66,13.3813168896,,,,,,,376054934.26,15.6049387071,,,376054934.26,15.2749908616,,,361506686.4,10.9574606754,14548247.86,2933.5882428581,362394578.62,20.0314084142,,,,,1.13,10.7843137255,1.13,10.7843137255,,,,,,,,,,,,,,,,,,,,,,,,,,,,,,,,,,,,,,,,,,,,,,,,,,,376054934.26,15.6049387071,361506686.4,10.9574606754,14548247.86,2933.5882428581,,,,,,,,,-12120886.37,,标准无保留意见
603359.SH,603359,东珠生态,10186616,通用,2019-09-30 00:00:00,三季报,2019三季报,058001001,2019-10-30 00:00:00,2020-10-20 00:00:00,CNY,1369466809.3,16.052490959,1369466809.3,16.052490959,,,,,,,,,,,1063900829.15,17.6786194596,989434922.18,16.7431946328,,,,,24801127.81,10.3781899841,,,,,,,,,,,,,432973.88,2.3520913011,,,56710291.59,29.7484650596,,,-7478486.31,25.6470157628,,,7307411.01,-30.4246421322,,,,,,,,,4813618.73,-80.1627188116,,,,,,,,,-11565483.22,41.251698129,,,645660.01,-89.8875515991,,,0,,299459775.67,4.370579724,,,,,21358.07,,,,,,0,,299438417.6,4.3631358055,45847792.84,-2.1550279601,,,,,,,253590624.76,5.6354123648,,,253590624.76,5.6354123648,,,247305530.15,2.7000116029,6285094.61,947.4292256237,242673947.58,12.9962602746,,,,,0.78,2.6315789474,0.78,2.6315789474,,,,,,,,,,,,,,,,,,,,,,,,,,,,,,,,,,,,,,,,,,,,,,,,,,,253590624.76,5.6354123648,247305530.15,2.7000116029,6285094.61,947.4292256237,,,,,,,,,,,
603359.SH,603359,东珠生态,10186616,通用,2019-06-30 00:00:00,中报,2019中报,058001001,2019-08-28 00:00:00,2020-08-07 00:00:00,CNY,1029307900.55,21.8124074014,1029307900.55,21.8124074014,,,,,,,,,,,788042875.41,21.8755543681,739602862.56,21.8470980666,,,,,15602675.39,26.7593407892,,,,,,,,,,,,,322858.11,-73.5391504887,,,36136993.04,30.3634510157,,,-3622513.69,-120.1503808903,,,3425154.53,63.9197004673,,,,,,,,,4343202.06,-76.1745000686,,,,,,,,,-10067316.77,7.5644691258,,,250000,-95.8327811768,,,0,,235790910.43,11.3612212514,,,,,,,,,,,0,,235790910.43,11.3612212514,36035693.37,12.3789042099,,,,,,,199755217.06,11.1795912717,,,199755217.06,11.1795912717,,,200478670.82,11.4282756999,-723453.76,-191.39581839,196574449.07,23.3810290057,,,,,0.63,12.5,0.63,12.5,,,,,,,,,,,,,,,,,,,,,,,,,,,,,,,,,,,,,,,,,,,,,,,,,,,199755217.06,11.1795912717,200478670.82,11.4282756999,-723453.76,-191.39581839,,,,,,,,,,,
603359.SH,603359,东珠生态,10186616,通用,2019-03-31 00:00:00,一季报,2019一季报,058001001,2019-04-30 00:00:00,2020-04-28 00:00:00,CNY,430474633.61,18.490453758,430474633.61,18.490453758,,,,,,,,,,,333048081.65,19.0844835385,309104681.8,18.7554949174,,,,,7622537.28,56.8086608827,,,,,,,,,,,,,132023.72,-1.7494973008,,,17906688.19,62.8298894662,,,-1717849.34,-74.73018957,,,-1872303.09,-42.0772885515,1726148.25,-60.5695153867,,,,,,,,,,,,,,,,,,,-1726148.25,,250000,-68.1773919463,,,0,,95950403.71,11.0398014321,,,,,,,,,,,0,,95950403.71,11.0398014321,14651840.37,10.5519230585,,,,,,,81298563.34,11.1281864797,,,81298563.34,11.1281864797,,,81921545.2,11.8170242951,-622981.86,-485.1538299621,81709045.2,15.2407252487,,,,,0.26,13.0434782609,0.26,18.1818181818,,,,,,,,,,,,,,,,,,,,,,,,,,,,,,,,,,,,,,,,,,,,,,,,,,,81298563.34,11.1281864797,81921545.2,11.8170242951,-622981.86,-485.1538299621,,,,,,,,,,,
603359.SH,603359,东珠生态,10186616,通用,2018-12-31 00:00:00,年报,2018年报,058001001,2019-04-19 00:00:00,2020-04-22 00:00:00,CNY,1593794089.45,30.1718873614,1593794089.45,30.1718873614,,,,,,,,,,,1230848722.82,28.5105132325,1144977205.76,30.5901814671,,,,,28997551.31,59.2306307476,,,,,,,,,,,,,1727732.18,44.2436561503,,,59953586.94,5.4100683967,,,-4807353.37,-467.3446107534,255248.33,-91.1830727762,8140522.73,99.1427808507,10687411.73,91.8305761118,,,,,,,21745195.31,130.7705933554,,,,,,,-31095.86,-169.5756283728,-10687411.73,,,,7087109,-34.8413014291,,,0,,381059163.35,32.8008764065,,,,,1648.27,-99.7081201658,,,,,0,,381057515.08,33.0502141601,55764375.82,28.675374992,,,,,,,325293139.26,33.8302289037,,,326224215.2,32.8967298797,-931075.94,61.3331249452,325806560.64,34.1798948637,-513421.38,-304.7331830398,301916459.54,33.5710677674,,,,,1.02,17.2413793103,1.02,17.2413793103,,,,,,,,,,,,,,,,,,,,,,,,,,,,,,,,,,,,,,,,,,,,,,,,,,,325293139.26,33.8302289037,325806560.64,34.1798948637,-513421.38,-304.7331830398,,,,,,,,,,,标准无保留意见
603359.SH,603359,东珠生态,10186616,通用,2018-09-30 00:00:00,三季报,2018三季报,058001001,2018-10-30 00:00:00,2019-10-30 00:00:00,CNY,1180040857.36,37.8360127759,1180040857.36,37.8360127759,,,,,,,,,,,904073173.22,38.2273730513,847531134.72,37.7650427758,,,,,22469228.58,91.531642892,,,,,0.0,,,,,,,,423023.97,-78.0914409058,,,43707870.89,23.5416704464,,,-10058084.94,-615.4677725855,255248.33,-89.2971723913,10502872.33,154.6608461008,19686497.91,324.015205316,,,0.0,,,,24265516.45,,,,,,,,-11786.14,-126.3709733897,-19686497.91,,,,6384804,628.2860854876,,,0,,286919720.54,41.3446846062,,,,,,,,,0.0,,0,,286919720.54,41.6806577699,46857586.94,64.9058979872,,,,,,,240062133.6,37.890012926,,,240062133.6,37.890012926,,,240803799.62,38.1494384573,-741666.02,-253.2953577807,214762813.38,23.475139535,,,,,0.76,-22.4489795918,0.76,-22.4489795918,,,,,,,,,,,,,,,,,,,,,,,,,,,,,,,,,,,,,,,,,,,,,,,,,,,240062133.6,37.890012926,240803799.62,38.1494384573,-741666.02,-253.2953577807,,,,,,,,,,,
603359.SH,603359,东珠生态,10186616,通用,2018-06-30 00:00:00,中报,2018中报,058001001,2018-08-21 00:00:00,2019-08-28 00:00:00,CNY,844994301.08,60.433459459,844994301.08,60.433459459,,,,,,,,,,,646596341.24,58.859656235,606992595.06,59.1341634022,,,,,12308895.97,,,,,,0.0,,,,,,,,1220135.09,-23.7541646004,,,27720187.49,-11.0617714011,,,-1645472.37,-815.470488336,255248.33,,2089531.96,,10891176.45,246.9987780417,,,0.0,,,,18229216.9,,,,,,,,,,-10891176.45,,,,5999205,3127.1140398063,,,0,,211735205.29,76.5960801427,,,,,,,,,0.0,,0,,211735205.29,77.2973849438,32066243.77,76.89118746,,,,,,,179668961.52,77.3700769104,,,179668961.52,77.3700769104,,,179917233.36,77.6067573898,-248271.84,-5073.159861061,159323074.75,56.9515592747,,,,,0.56,-5.0847457627,0.56,-5.0847457627,,,,,,,,,,,,,,,,,,,,,,,,,,,,,,,,,,,,,,,,,,,,,,,,,,,179668961.52,77.3700769104,179917233.36,77.6067573898,-248271.84,-5073.159861061,,,,,,,,,,,
603359.SH,603359,东珠生态,10186616,通用,2018-03-31 00:00:00,一季报,2018一季报,058001001,2018-04-27 00:00:00,2019-04-30 00:00:00,CNY,363299000.01,51.9199226626,363299000.01,51.9199226626,,,,,,,,,,,279673784.32,49.7140170383,260286635.17,47.2054482344,,,,,4861043.54,,,,,,0,,,,,,,,134374.6,-84.6359428515,,,10997175.18,-27.2190895703,,,-983143.98,-336.1831426928,188790.0,,-1317806.04,,4377699.81,168.2510826369,,,0,,,,2000000.0,,,,,,,,,,,,,,785605.0,,,,0,,86410820.69,65.1168272652,,,,,,,,,0,,0,,86410820.69,66.0203399057,13253356.4,71.288846574,,,,,,,73157464.29,65.100369773,,,73157464.29,65.100369773,,,73263928.92,65.0175893134,-106464.63,-22.7321081868,70902925.18,58.6966259906,,,,,0.23,-11.5384615385,0.22,-15.3846153846,,,,,,,,,,,,,,,,,,,,,,,,,,,,,,,,,,,,,,,,,,,,,,,,,,,73157464.29,65.100369773,73263928.92,65.0175893134,-106464.63,-22.7321081868,,,,,,,,,,,
603359.SH,603359,东珠生态,10186616,通用,2017-12-31 00:00:00,年报,2017年报,058001001,2018-04-20 00:00:00,2019-04-19 00:00:00,CNY,1224376569.9,24.9878098314,1224376569.9,24.9878098314,,,,,,,,,,,957780567.41,25.9426385733,876771280.12,25.8696330989,,,,,18211038.4,,,,,,0,,,,,,,,1197787.29,-77.3155227478,,,56876527.88,18.6958457108,,,-847342.74,-124.5885072898,2894980.57,,4087781.99,,5571276.46,-23.412666963,,,0,,,,9422862.33,2519.3142683496,,,,,,,44693.61,2013.9026708982,,,,,10876689.0,,,,0,,286940247.43,30.742875301,25740.0,-98.1972265023,,,564708.42,-81.4159473851,,,0,,0,,286401279.01,31.462210938,43337255.34,33.2626342073,,,,,,,243064023.67,31.146301217,,,245471965.71,32.4455173137,-2407942.04,,242813247.82,31.0850353249,250775.85,139.5520003515,226034323.59,21.2133188101,,,,,0.87,-20.1834862385,0.87,-20.1834862385,,,,,,,,,,,,,,,,,,,,,,,,,,,,,,,,,,,,,,,,,,,,,,,,,,,243064023.67,31.146301217,242813247.82,31.0850353249,250775.85,139.5520003515,,,,,,,,,,,标准无保留意见
603359.SH,603359,东珠生态,10186616,通用,2017-09-30 00:00:00,三季报,2017三季报,058001001,2017-10-31 00:00:00,2018-10-30 00:00:00,CNY,856119408.56,24.3907345705,856119408.56,24.3907345705,,,,,,,,,,,654047858.44,25.2778403875,615200429.4,25.8278389061,,,,,11731340.18,,,,,,0,,,,,,,,1930861.67,-52.8108717385,,,35379051.24,18.5385728305,,,-1405805.45,-210.3433230728,2384868.18,,4124258.79,,-8788018.6,-327.3696931871,,,0,,,,0.0,-100.0,,,,,,,44693.61,,,,,,876689.0,,,,0,,202992932.73,22.1298897276,25740.0,-98.1997482165,44693.61,,507105.48,-83.2497520628,,,0,,0,,202511567.25,23.0227979849,28414742.9,25.4011917875,,,,,,,174096824.35,22.6431524579,,,174096824.35,,,,174306752.39,23.1613707834,-209928.04,-149.1817682633,173932027.28,21.5247474957,,,,,0.98,18.0722891566,0.98,18.0722891566,,,,,,,,,,,,,,,,,,,,,,,,,,,,,,,,,,,,,,,,,,,,,,,,,,,174096824.35,22.6431524579,174306752.39,23.1613707834,-209928.04,-149.1817682633,,,,,,,,,,,
603359.SH,603359,东珠生态,10186616,通用,2017-06-30 00:00:00,中报,2017中报,058001001,2017-08-31 00:00:00,2018-08-21 00:00:00,CNY,526694558.56,13.4182093214,526694558.56,13.4182093214,,,,,,,,,,,407023631.15,13.8905858174,381434496.58,15.2616405258,,,,,,,,,,,0,,,,,,,,1600264.57,-51.4806014829,,,31167910.5,34.1424190486,,,229984.66,-91.8234394743,,,,,-7409025.16,-156.0265269258,,,0,,,,,,,,,,,,41193.61,,,,,,185900.0,,,,0,100.0,119898021.02,12.0527215258,25740.0,-93.9120151372,2645.9,,500000.0,-83.4844538289,,,0,,0,,119423761.02,14.3940980965,18127666.07,13.0108662554,,,,,,,101296094.95,14.5954142129,,,101296094.95,,,,101300894.18,14.6371573869,-4799.23,-117.1395439864,101510985.61,12.0671508879,,,,,0.59,11.320754717,0.59,11.320754717,,,,,,,,,,,,,,,,,,,,,,,,,,,,,,,,,,,,,,,,,,,,,,,,,,,101296094.95,14.5954142129,101300894.18,14.6371573869,-4799.23,-117.1395439864,,,,,,,,,,,
603359.SH,603359,东珠生态,10186616,通用,2017-03-31 00:00:00,一季报,2017一季报,058001001,2017-07-24 00:00:00,2018-04-27 00:00:00,CNY,239138484.04,95.9119342003,239138484.04,95.9119342003,,,,,,,,,,,186805343.85,82.3356036161,176818615.27,96.6773469342,,,,,,,,,,,0,,,,,,,,874603.62,-77.47267746,,,15109971.99,15.6106256719,,,416263.4,-78.1520864894,,,,,-6414110.43,-1.6675516695,,,0,,,,,,,,,,,,,,,,,,,,,,0,,52333140.19,166.308868644,215193.61,,2645.9,,500000.0,-83.474901593,,,0,,0,,52048333.8,213.061499789,7737431.05,214.1779824569,,,,,,,44310902.75,212.8673563646,,,44310902.75,,,,44397648.29,208.2183008821,-86745.54,64.1208490134,44678281.43,,,,,,0.26,225.0,0.26,225.0,,,,,,,,,,,,,,,,,,,,,,,,,,,,,,,,,,,,,,,,,,,,,,,,,,,44310902.75,212.8673563646,44397648.29,208.2183008821,-86745.54,64.1208490134,,,,,,,,,,,
603359.SH,603359,东珠生态,10186616,通用,2016-12-31 00:00:00,年报,2016年报,058001001,2017-05-05 00:00:00,2018-04-20 00:00:00,CNY,979596787.52,11.4770701965,979596787.52,11.4770701965,,,,,,,,,,,760489519.88,10.0967012766,696570934.97,17.2870852872,,,,,,,,,,,0.0,,,,,,,,5280206.71,-82.6407010398,,,47917875.76,15.2356301169,,,3446092.64,191.4794796457,,,,,7274409.8,-74.575448181,,,0.0,,,,359745.39,,,,,,,,2114.27,,,,,,,,,,0.0,,219469127.3,16.7413927107,1427800.0,2290.6797312955,,,3038672.09,503.1381314924,1885.73,,0.0,,0,,217858255.21,16.1589197477,32520185.12,-10.4780747533,,,,,,,185338070.09,22.5575070311,,,185338070.09,,,,185233384.74,22.4764014411,104685.35,813.6171341161,186476474.54,22.99190372,,,,,1.09,17.2043010753,1.09,17.2043010753,,,,,,,,,,,,,,,,,,,,,,,,,,,,,,,,,,,,,,,,,,,,,,,,,,,185338070.09,22.5575070311,185233384.74,22.4764014411,104685.35,813.6171341161,,,,,,,,,,,标准无保留意见
603359.SH,603359,东珠生态,10186616,通用,2016-09-30 00:00:00,三季报,2016三季报,058001001,2017-10-31 00:00:00,2017-10-31 00:00:00,CNY,688250143.0,,688250143.0,,,,,,,,,,,,522077852.25,,488922351.96,,,,,,,,,,,,,,,,,,,,4091751.09,,,,29846024.29,,,,1274028.56,,,,,,-2056303.65,,,,,,,,38399.51,,,,,,,,,,,,,,,,,,0.0,,166210690.26,,1429800.0,,,,3027450.59,,1885.73,,,,0,,164613039.67,,22659069.26,,,,,,,,141953970.41,,,,,,,,141527129.23,,426841.18,,143124779.82,,,,,,0.83,,0.83,,,,,,,,,,,,,,,,,,,,,,,,,,,,,,,,,,,,,,,,,,,,,,,,,,,,141953970.41,,141527129.23,,426841.18,,,,,,,,,,,,
603359.SH,603359,东珠生态,10186616,通用,2016-06-30 00:00:00,中报,2016中报,058001001,2017-08-31 00:00:00,2017-08-31 00:00:00,CNY,464382713.95,16.5450066773,464382713.95,16.5450066773,,,,,,,,,,,357381278.03,14.274225181,330929262.19,17.8376076295,,,,,,,,,,,,,,,,,,,3298195.4,-75.2540844927,,,23234939.94,48.7783737733,,,2812731.09,1991.2555795861,,,,,-2893850.59,-193.0984642789,,,,,,,38399.51,,,,,,,,,,,,,,,,,,-38399.51,,107001435.92,24.8299195134,422800.0,1990.6267924603,,,3027450.59,503.3057770375,1885.73,,,,0,,104396785.33,22.4794082956,16040639.87,-26.903296951,,,,,,,88394544.97,39.6619585752,,,,,,,88366544.05,38.1422432842,28000.92,104.1420927828,90580500.0,40.8096828354,,,,,0.53,29.2682926829,0.53,29.2682926829,,,,,,,,,,,,,,,,,,,,,,,,,,,,,,,,,,,,,,,,,,,,,,,,,,,88394544.97,39.6619585752,88366544.05,38.1422432842,28000.92,104.1420927828,,,,,,,,,,,
603359.SH,603359,东珠生态,10186616,通用,2016-03-31 00:00:00,一季报,2016一季报,058001001,2017-07-24 00:00:00,2017-07-24 00:00:00,CNY,122064275.98,,122064275.98,,,,,,,,,,,,102451380.94,,89902888.17,,,,,,,,,,,,0.0,,,,,,,,3882412.65,,,,13069708.69,,,,1905277.59,,,,,,-6308906.16,,,,0.0,,,,38399.51,,,,,,,,,,,,,,,,,,0.0,,19651294.55,,,,,,3025700.59,,135.73,,0.0,,0,,16625593.96,,2462754.07,,,,,,,,14162839.89,,,,,,,,14404611.33,,-241771.44,,,,,,,,0.08,,0.08,,,,,,,,,,,,,,,,,,,,,,,,,,,,,,,,,,,,,,,,,,,,,,,,,,,,14162839.89,,14404611.33,,-241771.44,,,,,,,,,,,,
603359.SH,603359,东珠生态,10186616,通用,2015-12-31 00:00:00,年报,2015年报,058001001,2017-05-05 00:00:00,2017-07-31 00:00:00,CNY,878742853.39,21.0839617767,878742853.39,21.0839617767,,,,,,,,,,,690746871.67,23.9074771557,593902502.79,18.9983661463,,,,,,,,,,,0.0,,,,,,,,30417165.59,31.1320269045,,,41582517.24,26.0559820051,,,-3767066.29,79.2144293446,,,,,28611752.34,40.767113631,,,0.0,,,,,,,,,,,,,,,,,,,,,,0.0,,187995981.72,11.5610062616,59723.6,,,,503810.31,396.7171885475,,,0.0,,0,,187551895.01,11.3645051991,36326503.29,-14.309772346,,,,,,,151225391.72,20.0012820428,,,,,,,151240061.4,20.1403284572,-14669.68,-110.9769570164,151616869.81,20.4017171145,,,,,0.93,16.25,0.93,16.25,,,,,,,,,,,,,,,,,,,,,,,,,,,,,,,,,,,,,,,,,,,,,,,,,,,151225391.72,20.0012820428,151240061.4,20.1403284572,-14669.68,-110.9769570164,,,,,,,,,,,标准无保留意见
603359.SH,603359,东珠生态,10186616,通用,2015-06-30 00:00:00,中报,2015中报,058001001,2015-12-25 00:00:00,2015-12-25 00:00:00,CNY,398457838.04,,398457838.04,,,,,,,,,,,,312740057.93,,280835014.26,,,,,,,,,,,,0,,,,,,,,13328241.58,,,,15617148.75,,,,-148722.95,,,,,,3108376.29,,,,0,,,,,,,,,,,,,,,,,,,,,,0,,85717780.11,,20223.6,,,,501810.31,,,,0,,0,,85236193.4,,21944409.53,,,,,,,,63291783.87,,,,,,,,63967792.87,,-676009.0,,64328317.61,,,,,,0.41,,0.41,,,,,,,,,,,,,,,,,,,,,,,,,,,,,,,,,,,,,,,,,,,,,,,,,,,,63291783.87,,63967792.87,,-676009.0,,,,,,,,,,,,
603359.SH,603359,东珠生态,10186616,通用,2014-12-31 00:00:00,年报,2014年报,058001001,2015-12-25 00:00:00,2017-07-31 00:00:00,CNY,725730179.7,1.4773133222,725730179.7,1.4773133222,,,,,,,,,,,557469886.02,-0.6749432594,499084585.8,-0.107285151,,,,,,,,,,,0,,,,,,,,23195832.71,0.5477140852,,,32987341.48,-0.1427678461,,,-18123468.21,-791.9160945494,,,,,20325594.24,597.4776688335,,,0,,,,253766.94,,,,,,,,,,,,,,,,,,0,,168514060.62,9.4909118129,,,,,101428.0,151.1798976836,99066.44,153.4240204568,0,,0,,168412632.62,7.0447175925,42392819.21,4.5051499209,,,,,,,126019813.41,7.9269960054,,,,,,,125886172.73,6.663037273,133640.68,110.6202077589,125925836.81,9.0694822547,,,,,0.8,6.6666666667,0.8,9.5890410959,,,,,,,,,,,,,,,,,,,,,,,,,,,,,,,,,,,,,,,,,,,,,,,,,,,126019813.41,7.9269960054,125886172.73,6.663037273,133640.68,110.6202077589,,,,,,,,,,,标准无保留意见
603359.SH,603359,东珠生态,10186616,通用,2013-12-31 00:00:00,年报,2013年报,058001001,2015-12-25 00:00:00,2015-12-25 00:00:00,CNY,715164952.58,8.3585006796,715164952.58,8.3585006796,,,,,,,,,,,561258059.46,6.7426289046,499620604.52,7.1015133102,,,,,,,,,,,0,,,,,,,,23069477.93,7.5413467797,,,33034504.13,7.09953035,,,2619315.89,-48.2896657513,,,,,2914156.99,49.3948922854,,,0,,,,,,,,,,,,,,,,,,,,,,0,,153906893.12,14.6898843893,3462720,57.2511921948,,,40380.62,190.1469394207,39091.18,289.6664261022,0,,0,,157329232.5,15.3591764073,40565291.99,15.1401321234,,,,,,,116763940.51,15.4354703996,,,,,,,118022302.71,16.04141729,-1258362.2,-126.23591689,115454693.84,15.3786804731,,,,,0.75,13.6363636364,0.73,12.3076923077,,,,,,,,,,,,,,,,,,,,,,,,,,,,,,,,,,,,,,,,,,,,,,,,,,,116763940.51,15.4354703996,118022302.71,16.04141729,-1258362.2,-126.23591689,,,,,,,,,,,
603359.SH,603359,东珠生态,10186616,通用,2012-12-31 00:00:00,年报,2012年报,058001001,2015-12-25 00:00:00,2015-12-25 00:00:00,CNY,659998936.95,,659998936.95,,,,,,,,,,,,525804980.84,,466492572.4,,,,,,,,,,,,0,,,,,,,,21451728.68,,,,30844676.93,,,,5065362.52,,,,,,1950640.31,,,,0,,,,,,,,,,,,,,,,,,,,,,0,,134193956.11,,2202031,,,,13917.3,,10031.96,,0,,0,,136382069.81,,35231236.27,,,,,,,,101150833.54,,,,,,,,101707050.35,,-556216.81,,100065881.64,,,,,,0.66,,0.65,,,,,,,,,,,,,,,,,,,,,,,,,,,,,,,,,,,,,,,,,,,,,,,,,,,,101150833.54,,101707050.35,,-556216.81,,,,,,,,,,,,
603359.SH,603359,东珠生态,10186616,通用,2011-06-30 00:00:00,中报,2011中报,058001001,2011-12-09 00:00:00,2011-12-09 00:00:00,CNY,273706052.83,,273706052.83,,,,,,,,,,0,,208839394.22,,186164847.08,,,,,,,,,,,,,,,,,,,,9213804.58,,,,12337280.13,,,,4506946.36,,,,,,-3383483.93,,,,0,,,,,,,,,,,,,,,,,,,,0,,,,64866658.61,,2069420.23,,,,7390.31,,,,,,,,66928688.53,,17842064.76,,,,,,,,49086623.77,,,,,,,,49466000.19,,-379376.42,,47919477.75,,,,,,0.73,,0.73,,,,,,,,,,,,,,,,,,,,,,,,,,,,,,,,,,,,,,,,,,,,,,,,,,,,49086623.77,,49466000.19,,-379376.42,,,,0,,,,0,,,,标准无保留意见
603359.SH,603359,东珠生态,10186616,通用,2010-12-31 00:00:00,年报,2010年报,058001001,2011-12-09 00:00:00,2011-12-09 00:00:00,CNY,304326078.09,129.1380258282,304326078.09,129.1380258282,,,,,,,,,0,,239233621.27,131.3773975061,207377061.1,124.7782385168,,,,,,,,,,,,,,,,,,,10134058.4,129.1380260387,,,13656501.3,112.179010992,,,2159228.76,1861.4330590934,,,,,5906771.71,1374.8962089383,,,0,,,,,,,,,,,,,,,,,,,,0,,,,65092456.82,121.2673130893,,,,,283768.53,3.2924610673,171524.2,255.6342977991,,,,,64808688.29,122.3794196621,16564878.17,119.5434885285,,,,,,,48243810.12,123.3701303859,,,,,,,48243810.12,123.3701303859,,,48527578.65,139.2563781825,,,,,0.79,,0.79,,,,,,,,,,,,,,,,,,,,,,,,,,,,,,,,,,,,,,,,,,,,,,,,,,,,48243810.12,123.3701303859,48243810.12,123.3701303859,,,,,0,,,,0,,,,标准无保留意见
603359.SH,603359,东珠生态,10186616,通用,2009-12-31 00:00:00,年报,2009年报,058001001,2011-12-09 00:00:00,2011-12-09 00:00:00,CNY,132813432.86,103.1146257697,132813432.86,103.1146257697,,,,,,,,,0,,103395415.39,81.2031408109,92258513.31,86.705776685,,,,,,,,,,,,,,,,,,,4422687.31,103.1146250022,,,6436311.13,57.1442861338,,,-122583.64,67.5878344134,,,,,400487.28,-77.1361681484,,,0,,,,,,,,,,,,,,,,,,,,0,,,,29418017.47,253.2458578808,,,,,274723.37,78.9728794788,48230.5,,,,,,29143294.1,256.2782225055,7545146.65,266.89861243,,,,,,,21598147.45,252.7115335461,1590202.07,152.6769058995,,,,,21598147.45,252.7115335461,,,20282668.75,259.4874693361,,,,,,,,,,,,,,,,,,,,,,,,,,,,,,,,,,,,,,,,,,,,,,,,,,,,,,,,,,,21598147.45,252.7115335461,21598147.45,252.7115335461,,,,,0,,,,0,,,,标准无保留意见
603359.SH,603359,东珠生态,10186616,通用,2008-12-31 00:00:00,年报,2008年报,058001001,2011-12-09 00:00:00,2011-12-09 00:00:00,CNY,65388414.23,,65388414.23,,,,,,,,,,0,,57060498.47,,49413850.47,,,,,,,,,,,,,,,,,,,,2177434.2,,,,4095797.11,,,,-378202.56,,,,,,1751619.25,,,,0,,,,,,,,,,,,,,,,,,,,0,,,,8327915.76,,5510,,,,153500,,,,,,,,8179925.76,,2056466.39,,,,,,,,6123459.37,,629342.07,,,,,,6123459.37,,,,5642107.3,,,,,,,,,,,,,,,,,,,,,,,,,,,,,,,,,,,,,,,,,,,,,,,,,,,,,,,,,,,,6123459.37,,6123459.37,,,,,,0,,,,0,,,,标准无保留意见
