SECUCODE,SECURITY_CODE,SECURITY_NAME_ABBR,ORG_CODE,ORG_TYPE,REPORT_DATE,REPORT_TYPE,REPORT_DATE_NAME,SECURITY_TYPE_CODE,NOTICE_DATE,UPDATE_DATE,CURRENCY,TOTAL_OPERATE_INCOME,TOTAL_OPERATE_INCOME_YOY,OPERATE_INCOME,OPERATE_INCOME_YOY,INTEREST_INCOME,INTEREST_INCOME_YOY,EARNED_PREMIUM,EARNED_PREMIUM_YOY,FEE_COMMISSION_INCOME,FEE_COMMISSION_INCOME_YOY,OTHER_BUSINESS_INCOME,OTHER_BUSINESS_INCOME_YOY,TOI_OTHER,TOI_OTHER_YOY,TOTAL_OPERATE_COST,TOTAL_OPERATE_COST_YOY,OPERATE_COST,OPERATE_COST_YOY,INTEREST_EXPENSE,INTEREST_EXPENSE_YOY,FEE_COMMISSION_EXPENSE,FEE_COMMISSION_EXPENSE_YOY,RESEARCH_EXPENSE,RESEARCH_EXPENSE_YOY,SURRENDER_VALUE,SURRENDER_VALUE_YOY,NET_COMPENSATE_EXPENSE,NET_COMPENSATE_EXPENSE_YOY,NET_CONTRACT_RESERVE,NET_CONTRACT_RESERVE_YOY,POLICY_BONUS_EXPENSE,POLICY_BONUS_EXPENSE_YOY,REINSURE_EXPENSE,REINSURE_EXPENSE_YOY,OTHER_BUSINESS_COST,OTHER_BUSINESS_COST_YOY,OPERATE_TAX_ADD,OPERATE_TAX_ADD_YOY,SALE_EXPENSE,SALE_EXPENSE_YOY,MANAGE_EXPENSE,MANAGE_EXPENSE_YOY,ME_RESEARCH_EXPENSE,ME_RESEARCH_EXPENSE_YOY,FINANCE_EXPENSE,FINANCE_EXPENSE_YOY,FE_INTEREST_EXPENSE,FE_INTEREST_EXPENSE_YOY,FE_INTEREST_INCOME,FE_INTEREST_INCOME_YOY,ASSET_IMPAIRMENT_LOSS,ASSET_IMPAIRMENT_LOSS_YOY,CREDIT_IMPAIRMENT_LOSS,CREDIT_IMPAIRMENT_LOSS_YOY,TOC_OTHER,TOC_OTHER_YOY,FAIRVALUE_CHANGE_INCOME,FAIRVALUE_CHANGE_INCOME_YOY,INVEST_INCOME,INVEST_INCOME_YOY,INVEST_JOINT_INCOME,INVEST_JOINT_INCOME_YOY,NET_EXPOSURE_INCOME,NET_EXPOSURE_INCOME_YOY,EXCHANGE_INCOME,EXCHANGE_INCOME_YOY,ASSET_DISPOSAL_INCOME,ASSET_DISPOSAL_INCOME_YOY,ASSET_IMPAIRMENT_INCOME,ASSET_IMPAIRMENT_INCOME_YOY,CREDIT_IMPAIRMENT_INCOME,CREDIT_IMPAIRMENT_INCOME_YOY,OTHER_INCOME,OTHER_INCOME_YOY,OPERATE_PROFIT_OTHER,OPERATE_PROFIT_OTHER_YOY,OPERATE_PROFIT_BALANCE,OPERATE_PROFIT_BALANCE_YOY,OPERATE_PROFIT,OPERATE_PROFIT_YOY,NONBUSINESS_INCOME,NONBUSINESS_INCOME_YOY,NONCURRENT_DISPOSAL_INCOME,NONCURRENT_DISPOSAL_INCOME_YOY,NONBUSINESS_EXPENSE,NONBUSINESS_EXPENSE_YOY,NONCURRENT_DISPOSAL_LOSS,NONCURRENT_DISPOSAL_LOSS_YOY,EFFECT_TP_OTHER,EFFECT_TP_OTHER_YOY,TOTAL_PROFIT_BALANCE,TOTAL_PROFIT_BALANCE_YOY,TOTAL_PROFIT,TOTAL_PROFIT_YOY,INCOME_TAX,INCOME_TAX_YOY,EFFECT_NETPROFIT_OTHER,EFFECT_NETPROFIT_OTHER_YOY,EFFECT_NETPROFIT_BALANCE,EFFECT_NETPROFIT_BALANCE_YOY,UNCONFIRM_INVEST_LOSS,UNCONFIRM_INVEST_LOSS_YOY,NETPROFIT,NETPROFIT_YOY,PRECOMBINE_PROFIT,PRECOMBINE_PROFIT_YOY,CONTINUED_NETPROFIT,CONTINUED_NETPROFIT_YOY,DISCONTINUED_NETPROFIT,DISCONTINUED_NETPROFIT_YOY,PARENT_NETPROFIT,PARENT_NETPROFIT_YOY,MINORITY_INTEREST,MINORITY_INTEREST_YOY,DEDUCT_PARENT_NETPROFIT,DEDUCT_PARENT_NETPROFIT_YOY,NETPROFIT_OTHER,NETPROFIT_OTHER_YOY,NETPROFIT_BALANCE,NETPROFIT_BALANCE_YOY,BASIC_EPS,BASIC_EPS_YOY,DILUTED_EPS,DILUTED_EPS_YOY,OTHER_COMPRE_INCOME,OTHER_COMPRE_INCOME_YOY,PARENT_OCI,PARENT_OCI_YOY,MINORITY_OCI,MINORITY_OCI_YOY,PARENT_OCI_OTHER,PARENT_OCI_OTHER_YOY,PARENT_OCI_BALANCE,PARENT_OCI_BALANCE_YOY,UNABLE_OCI,UNABLE_OCI_YOY,CREDITRISK_FAIRVALUE_CHANGE,CREDITRISK_FAIRVALUE_CHANGE_YOY,OTHERRIGHT_FAIRVALUE_CHANGE,OTHERRIGHT_FAIRVALUE_CHANGE_YOY,SETUP_PROFIT_CHANGE,SETUP_PROFIT_CHANGE_YOY,RIGHTLAW_UNABLE_OCI,RIGHTLAW_UNABLE_OCI_YOY,UNABLE_OCI_OTHER,UNABLE_OCI_OTHER_YOY,UNABLE_OCI_BALANCE,UNABLE_OCI_BALANCE_YOY,ABLE_OCI,ABLE_OCI_YOY,RIGHTLAW_ABLE_OCI,RIGHTLAW_ABLE_OCI_YOY,AFA_FAIRVALUE_CHANGE,AFA_FAIRVALUE_CHANGE_YOY,HMI_AFA,HMI_AFA_YOY,CASHFLOW_HEDGE_VALID,CASHFLOW_HEDGE_VALID_YOY,CREDITOR_FAIRVALUE_CHANGE,CREDITOR_FAIRVALUE_CHANGE_YOY,CREDITOR_IMPAIRMENT_RESERVE,CREDITOR_IMPAIRMENT_RESERVE_YOY,FINANCE_OCI_AMT,FINANCE_OCI_AMT_YOY,CONVERT_DIFF,CONVERT_DIFF_YOY,ABLE_OCI_OTHER,ABLE_OCI_OTHER_YOY,ABLE_OCI_BALANCE,ABLE_OCI_BALANCE_YOY,OCI_OTHER,OCI_OTHER_YOY,OCI_BALANCE,OCI_BALANCE_YOY,TOTAL_COMPRE_INCOME,TOTAL_COMPRE_INCOME_YOY,PARENT_TCI,PARENT_TCI_YOY,MINORITY_TCI,MINORITY_TCI_YOY,PRECOMBINE_TCI,PRECOMBINE_TCI_YOY,EFFECT_TCI_BALANCE,EFFECT_TCI_BALANCE_YOY,TCI_OTHER,TCI_OTHER_YOY,TCI_BALANCE,TCI_BALANCE_YOY,ACF_END_INCOME,ACF_END_INCOME_YOY,OPINION_TYPE
000838.SZ,000838,财信发展,10005733,通用,2023-03-31 00:00:00,一季报,2023一季报,058001001,2023-04-29 00:00:00,2023-04-29 00:00:00,CNY,1904719506.04,45.0110574104,1904719506.04,45.0110574104,,,,,,,,,,,1863094676.71,55.2775263457,1787716002.54,70.1734784461,,,,,263802.6,89.9078847854,,,,,,,,,,,,,10950728.25,-87.0735708558,48254292.02,46.1323530392,16065897.6,-38.3262875006,,,-156046.3,-102.8912863346,7457650.26,-36.4267534506,5153019.9,50.8503765595,,,,,,,0.0,,-45413.97,-112.2266333749,-45413.97,,,,,,340.91,,24163.18,,118792.86,154.2511180338,375812.58,-28.83950067,,,0,,42098524.89,-63.2640192045,345424.16,-50.4934720377,,,176089.52,-62.1025834147,,,,,0,,42267859.53,-63.1911223221,50307308.47,-30.1716637898,,,,,,,-8039448.94,-118.7897510641,,,-8039448.94,-118.7897510641,0.0,,-4943016.52,-127.5378873224,-3096432.42,-112.4672776896,-5383890.73,-131.1214976516,,,,,-0.0045,-127.6073619632,-0.0045,-127.6073619632,,,,,,,,,,,,,,,,,,,,,,,,,,,,,,,,,,,,,,,,,,,,,,,,,,,-8039448.94,-118.7897510641,-4943016.52,-127.5378873224,-3096432.42,-112.4672776896,,,,,,,,,,,
000838.SZ,000838,财信发展,10005733,通用,2022-12-31 00:00:00,年报,2022年报,058001001,2023-04-25 00:00:00,2023-04-25 00:00:00,CNY,4195648831.47,-16.994772803,4195648831.47,-16.994772803,,,,,,,,,,,3823894170.21,-22.0701881837,3416117709.48,-22.4385510391,,,,,694056.05,-86.8275358874,,,,,,,,,,,,,120373834.88,181.6169344618,173256817.74,-34.8743045136,105090465.45,-30.8500885935,,,8361286.61,-77.0420957872,25211321.44,-52.4837608175,17267209.53,-27.9977497992,,,,,,,,,-1645856.89,-127.3320272736,,,,,,,-937576.56,-1205.6738209893,-485594429.21,53.6200871887,-220816029.04,-5417.6165918439,2274741.35,-10.1682350496,,,0,,-334964489.09,62.5602651138,4065467.34,6.1866040084,,,1843898.87,-80.3102706022,,,,,0,,-332742920.62,63.0372963395,27491944.95,1235.2790500598,,,,,,,-360234865.57,59.8754207663,,,-360234865.57,59.8754207663,,,-229600960.64,68.9579496252,-130633904.93,17.3966704051,-233671186.76,69.0158881451,,,,,-0.2086,68.9629519417,-0.2086,68.9629519417,,,,,,,,,,,,,,,,,,,,,,,,,,,,,,,,,,,,,,,,,,,,,,,,,,,-360234865.57,59.8754207663,-229600960.64,68.9579496252,-130633904.93,17.3966704051,,,,,,,,,,,标准无保留意见
000838.SZ,000838,财信发展,10005733,通用,2022-09-30 00:00:00,三季报,2022三季报,058001001,2022-10-25 00:00:00,2022-10-25 00:00:00,CNY,2792196707.58,0.4954516306,2792196707.58,0.4954516306,,,,,,,,,,,2487847360.67,-8.2450323234,2155543904.64,-10.8118252711,,,,,544531.71,157.696006271,,,,,,,,,,,,,114108071.32,1207.0864440864,140037296.38,-0.8128726526,70384528.96,-35.3201798951,,,7229027.66,-79.6982325377,20383439.77,-50.7889485556,12894316.84,-8.3070872909,,,,,,,0.0,,-1707370.23,33.2820521508,-440485.94,91.9746531598,,,,,421256.32,742.0216161053,-455076594.81,,-4457655.26,-527.2248845443,1917540.89,0.7184198049,,,0,,-154553476.18,-329.4779459155,2543020.83,-25.4943420169,,,1453505.66,-80.023121549,,,,,0,,-153463961.01,-341.7239257055,75808385.08,177.8745682814,,,,,,,-229272346.09,-733.248019289,,,-229272346.09,-733.248019289,0.0,,-204064647.52,-506.7679349852,-25207698.57,-136.0949497777,-206053801.82,-506.1032381015,,,,,-0.1854,-505.8823529412,-0.1854,-505.8823529412,,,,,,,,,,,,,,,,,,,,,,,,,,,,,,,,,,,,,,,,,,,,,,,,,,,-229272346.09,-733.248019289,-204064647.52,-506.7679349852,-25207698.57,-136.0949497777,,,,,,,,,,,
000838.SZ,000838,财信发展,10005733,通用,2022-06-30 00:00:00,中报,2022中报,058001001,2022-07-18 00:00:00,2022-07-18 00:00:00,CNY,2137304124.69,-0.3746796329,2137304124.69,-0.3746796329,,,,,,,,,,,1815025508.45,-12.2223254058,1521998984.76,-18.7239112863,,,,,309652.36,321.0386937933,,,,,,,,,,,,,100523504.27,1434.0628391766,136904569.59,54.384312315,49903732.21,-32.3909860941,,,5385065.26,-79.2949383695,14284680.33,-53.9381184451,8879042.96,-7.2489200929,,,,,,,0.0,,55517.08,-88.5332752752,,,,,,,106091.73,31108.9574630817,-459308908.3,,400963.94,-41.5056313625,816779.55,-26.049365005,,,0,,-135650939.76,-269.8529750175,1986641.43,-18.5863576014,,,899629.13,-78.5214104915,,,,,0,,-134563927.46,-272.2629271028,48403329.71,134.9665532489,,,,,,,-182967257.17,-418.1190724234,,,-182967257.17,-418.1190724234,0.0,,-162671230.55,-5569.4981070559,-20296026.62,-137.2122953384,-164498256.94,-15554.8871938649,,,,,-0.1478,-5574.0740740741,-0.1478,-5574.0740740741,,,,,,,,,,,,,,,,,,,,,,,,,,,,,,,,,,,,,,,,,,,,,,,,,,,-182967257.17,-418.1190724234,-162671230.55,-5569.4981070559,-20296026.62,-137.2122953384,,,,,,,,,,,
000838.SZ,000838,财信发展,10005733,通用,2022-03-31 00:00:00,一季报,2022一季报,058001001,2022-04-12 00:00:00,2023-04-29 00:00:00,CNY,1313499494.49,162.3230253727,1313499494.49,162.3230253727,,,,,,,,,,,1199848246.27,124.9006951966,1050525627.65,134.3312303822,,,,,138910.82,50.1906483384,,,,,,,,,,,,,84715803.01,1523.7858125901,33020950.54,-23.1556422003,26049830.55,-28.2233698356,,,5397123.7,-54.2103860213,11730799.77,-0.0640101324,3415980.8,13.3293900942,,,,,,,0.0,,371434.79,120.3298014697,0.0,100.0,,,,,0.0,-100.0,0.0,,46722.65,174.3401492638,528119.65,-4.5390058974,,,0,,114597525.31,435.8726635917,697734.57,-63.195167795,,,464647.82,-53.9910562115,,,,,0,,114830612.06,445.5269435455,72044260.54,10789.4337324489,,,,,,,42786351.52,226.2317714755,,,42786351.52,226.2317714755,0.0,,17949875.61,160.0943703758,24836475.91,716.9642688423,17299587.54,155.1677868572,,,,,0.0163,160.147601476,0.0163,160.147601476,,,,,,,,,,,,,,,,,,,,,,,,,,,,,,,,,,,,,,,,,,,,,,,,,,,42786351.52,226.2317714755,17949875.61,160.0943703758,24836475.91,716.9642688423,,,,,,,,,,,
000838.SZ,000838,财信发展,10005733,通用,2021-12-31 00:00:00,年报,2021年报,058001001,2022-04-12 00:00:00,2023-04-25 00:00:00,CNY,5054680257.08,-16.4752158595,5054680257.08,-16.4752158595,,,,,,,,,,,4906843839.46,-10.8773852721,4404401613.49,-11.82069993,,,,,5268991.77,637.2471291917,,,,,,,,,,,,,42743819.76,-61.2714323582,266034499.05,26.8156569674,151974837.44,2.0086218745,,,36420077.95,-11.2839749336,53058326.74,12.7663758123,23981485.97,62.0118095048,,,,,,,,,6021715.38,-74.1271307115,-6722109.02,-101.6514288215,,,,,-71807.87,-740.5731877245,-1046992975.57,-292.2903306311,-4002018.36,-109.1457337633,2532223.82,-31.326763001,,,0,,-894676444.98,-355.7465722559,3828606.61,-65.6693411692,,,9364775.07,151.1952141948,,,,,0,,-900212613.44,-351.9815637447,-2421602.42,-102.4615216484,,,,,,,-897791011.02,-446.8047071149,,,-897791011.02,-446.8047071149,,,-739644958.59,-737.9446545367,-158146052.43,-210.6433113119,-754164546.83,-1637.4329528259,,,,,-0.6721,-737.6660341556,-0.6721,-737.6660341556,,,,,,,,,,,,,,,,,,,,,,,,,,,,,,,,,,,,,,,,,,,,,,,,,,,-897791011.02,-446.8047071149,-739644958.59,-737.9446545367,-158146052.43,-210.6433113119,,,,,,,,,,,标准无保留意见
000838.SZ,000838,财信发展,10005733,通用,2021-09-30 00:00:00,三季报,2021三季报,058001001,2021-10-26 00:00:00,2022-10-25 00:00:00,CNY,2778430926.25,-13.7532977836,2778430926.25,-13.7532977836,,,,,,,,,,,2711403451.68,-8.2214896151,2416849443.54,-9.8761306284,,,,,211307.78,-65.2961111561,,,,,,,,,,,,,8729955.99,-66.8004196401,141184950.23,14.510041662,108819920.72,10.8620745889,,,35607873.42,46.9232038934,41420451.65,60.6993646453,14062501.08,4.3990595493,,,,,,,,,-2559086.85,-2540.8843408229,-5488684.15,-558.5052764077,,,,,-65614.04,-478.2447434654,0.0,-100.0,1043397.85,187.4449553028,1903863.16,-53.3867959922,,,0,,67350034.69,-75.1398377032,3413191.56,-26.9950602471,,,7275939.85,97.5597919273,,,,,0,,63487286.4,-76.6511790582,27281512.5,-76.210567403,,,,,,,36205773.9,-76.9725512764,,,36205773.9,-76.9725512764,,,-33631415.86,-162.545480471,69837189.76,-32.4968211325,-33996485.89,-184.4580529955,,,,,-0.0306,-162.5766871166,-0.0306,-162.5766871166,0.0,,0.0,,,,,,,,0.0,,,,,,,,,,,,,,0.0,,,,,,,,,,,,,,,,,,,,,,,,,,36205773.9,-76.9725512764,-33631415.86,-162.545480471,69837189.76,-32.4968211325,,,,,,,,,,,
000838.SZ,000838,财信发展,10005733,通用,2021-06-30 00:00:00,中报,2021中报,058001001,2021-08-27 00:00:00,2022-07-18 00:00:00,CNY,2145342285.29,37.578344925,2145342285.29,37.578344925,,,,,,,,,,,2067753009.91,41.1713839655,1872628234.02,44.5910051538,,,,,73544.87,-84.2217582221,,,,,,,,,,,,,6552763.14,-60.7174874734,88677772.72,26.4081388339,73812246.81,17.4978072414,,,26008448.35,33.5751032696,31011934.05,24.9741140187,9572980.68,2.0551524939,,,,,,,,,484158.13,446.663219899,-2076474.3,-384.7549283133,,,,,339.94,,,,685474.43,225.6962267482,1104492.95,-39.2865520212,,,0,,79863740.83,-16.8493955768,2440182.47,-38.8956247112,,,4188492.59,45.7083776551,,,,,0,,78115430.71,-19.6062007797,20600093.52,-47.1062298949,,,,,,,57515337.19,-1.2100522281,,,57515337.19,-1.2100522281,0.0,,2974152.79,-87.7343815151,54541184.4,60.5477248988,1064376.95,-94.8925407955,,,,,0.0027,-87.7272727273,0.0027,-87.7272727273,,,,,,,,,,,,,,,,,,,,,,,,,,,,,,,,,,,,,,,,,,,,,,,,,,,57515337.19,-1.2100522281,2974152.79,-87.7343815151,54541184.4,60.5477248988,,,,,,,,,,,
000838.SZ,000838,财信发展,10005733,通用,2021-03-31 00:00:00,一季报,2021一季报,058001001,2021-04-29 00:00:00,2022-04-12 00:00:00,CNY,500718338.63,210.7137736588,500718338.63,210.7137736588,,,,,,,,,,,533501350.55,168.914455521,448307989.48,250.6435577573,,,,,92489.66,-68.1507022436,,,,,,,,,,,,,-5950038.43,-192.3686055525,42971210.23,116.1496905123,36292913.85,15.8364472845,,,11786785.76,-6.4119466655,11738313.48,-11.6798472409,3014205.58,-10.9990084153,,,,,,,,,-1827045.83,-1769.0770354281,-1827045.83,-1882.902566606,,,,,339.94,,,,-62849.82,,553230.83,-16.8577057002,,,0,,-34119336.8,6.5033434594,1895768.92,47.9880488831,,,1009907.6,-53.8707458342,,,,,0,,-33233475.48,11.1424486914,661597.86,266.2120382573,,,,,,,-33895073.34,8.3986281719,,,-33895073.34,8.3986281719,,,-29869479.45,-6.3748402422,-4025593.89,54.8869268961,-31358132.21,-9.6343741831,,,,,-0.0271,-6.2745098039,-0.0271,-6.2745098039,,,,,,,,,,,,,,,,,,,,,,,,,,,,,,,,,,,,,,,,,,,,,,,,,,,-33895073.34,8.3986281719,-29869479.45,-6.3748402422,-4025593.89,54.8869268961,,,,,,,,,,,
000838.SZ,000838,财信发展,10005733,通用,2020-12-31 00:00:00,年报,2020年报,058001001,2021-04-10 00:00:00,2022-09-30 00:00:00,CNY,6051713044.33,78.2986973701,6051713044.33,78.2986973701,,,,,,,,,,,5505722486.31,68.4503615214,4994824873.86,77.4750808557,,,,,714684.61,-41.3636728998,,,,,,,,,,,,,110367675.24,185.6418209851,209780484.06,-2.2305997352,148982345.46,-16.4709001581,,,41052423.08,92.831758432,47051549.15,69.9453254983,14802307.34,37.7556944737,,,,,,,,,23274246.52,42.5079141171,-3333529.08,-1105.4198617759,,,,,11209.94,-99.9443461457,-266892373.79,-13807.8998305709,43758308.12,180.062807002,3687351.77,53.6472709458,,,0,,349829300.58,212.7517408112,11152150.12,444.5120617026,,,3728086.58,218.7459910799,,,,,0,,357253364.12,216.9000751056,98378270.27,248.6286790352,,,,,,,258875093.85,206.3062541119,,,258875093.85,206.3062541119,,,115941869.46,6.8191888143,142933224.39,694.930850599,49053491.76,-39.9242719587,,,,,0.1054,6.8965517241,0.1054,6.8965517241,,,,,,,,,,,,,,,,,,,,,,,,,,,,,,,,,,,,,,,,,,,,,,,,,,,258875093.85,206.3044161068,115941869.46,6.8186897183,142933224.39,694.930850599,,,,,,,,,,,标准无保留意见
000838.SZ,000838,财信发展,10005733,通用,2020-09-30 00:00:00,三季报,2020三季报,058001001,2020-10-31 00:00:00,2021-10-26 00:00:00,CNY,3221492364.17,245.0003450861,3221492364.17,245.0003450861,,,,,,,,,,,2954290105.94,215.2579561306,2681697379.83,286.9207667712,,,,,608887.9,-36.2038677821,,,,,,,,,,,,,26295380.53,102.235404283,123294820.42,6.28964963,98157932.84,-4.5506316707,,,24235704.42,115.9635017302,25775118.49,89.1427058101,13469949.96,120.4292272443,,,,,,,,,104842.61,-96.3235864044,-833506.48,-1896.9151938077,,,,,17346.98,189.1163333333,699878.38,316.5942738095,-1193205.31,-223.3480699783,4084385.96,378.0110878496,,,0,,270915506.85,17840.7065476275,4675288.51,-78.7301498088,,,3682905.2,74.6133345855,,,,,0,,271907890.16,1171.6846280376,114679122.29,402.6342317616,,,,,,,157228767.87,11065.0107947936,,,157228767.87,11065.0107947936,,,53771136.79,77.6534443279,103457631.08,426.3509074012,40252509.6,211.8134378966,,,,,0.0489,77.8181818182,0.0489,77.8181818182,,,,,,,,,,,,,,,,,,,,,,,,,,,,,,,,,,,,,,,,,,,,,,,,,,,157228767.87,11069.5433867887,53771136.79,77.6499668004,103457631.08,426.3509074012,,,,,,,,,,,
000838.SZ,000838,财信发展,10005733,通用,2020-06-30 00:00:00,中报,2020中报,058001001,2020-08-28 00:00:00,2021-08-27 00:00:00,CNY,1559360440.38,220.8078904395,1559360440.38,220.8078904395,,,,,,,,,,,1464711155.92,175.0876545791,1295120835.51,242.8140725381,,,,,466115.75,-27.9843098548,,,,,,,,,,,,,16681120.22,66.891420564,70151948.71,9.1343791353,62820105.79,-13.5534261654,,,19471029.94,175.425776922,24814686.06,179.69155678,9380203.2,149.2711898802,,,,,,,,,88566.07,-96.3242742865,-428355.48,-7407.2267863966,,,,,,,35397.57,,-545342.09,-148.148102728,1819189.96,172.2259058916,,,0,,96047095.97,327.7985753242,3993466.03,254.7282079286,,,2874572.25,47.7975150384,,,,,0,,97165989.75,326.0603363919,38946162.24,789.17902132,,,,,,,58219827.51,222.9243076207,,,58219827.51,222.9243076207,,,24247882.76,173.4303279977,33971944.75,336.8914747081,20839656.42,152.6776384869,,,,,0.022,173.3333333333,0.022,173.3333333333,,,,,,,,,,,,,,,,,,,,,,,,,,,,,,,,,,,,,,,,,,,,,,,,,,,58219827.51,222.9258453897,24247882.76,173.4316455441,33971944.75,336.8914747081,,,,,,,,,,,
000838.SZ,000838,财信发展,10005733,通用,2020-03-31 00:00:00,一季报,2020一季报,058001001,2020-04-30 00:00:00,2021-04-29 00:00:00,CNY,161150995.25,56.2633276784,161150995.25,56.2633276784,,,,,,,,,,,198390729.69,52.7162902921,127852909.19,66.7405477722,,,,,290397.8,,,,,,,,,,,,,,6441624.18,134.9062687903,19880301.53,7.9250372682,31331169.68,-4.3932935321,,,12594327.31,1890.7590291921,13290639.92,765.1206977289,3386710.11,28.9512117077,,,,,,,,,109464.44,-92.7055905649,-92139.97,-164.8761550832,,,,,,,-27706.65,,,,665402.41,261.3716944236,,,0,,-36492574.24,-46.4026176238,1281028.39,143.5740866264,,,2189299.65,553.0612028785,,,,,0,,-37400845.5,-51.2032153201,-398044.49,-568.0717165646,,,,,,,-37002801.01,-49.0814770785,,,-37002801.01,-49.0814770785,,,-28079458.81,-42.7112560994,-8923342.2,-73.4436393873,-28602463.82,-34.7070644885,,,,,-0.0255,-42.4581005587,-0.0255,-42.4581005587,,,,,,,,,,,,,,,,,,,,,,,,,,,,,,,,,,,,,,,,,,,,,,,,,,,-37002801.01,-49.0814770785,-28079458.81,-42.7112560994,-8923342.2,-73.4436393873,,,,,,,,,,,
000838.SZ,000838,财信发展,10005733,通用,2019-12-31 00:00:00,年报,2019年报,058001001,2020-04-14 00:00:00,2021-04-10 00:00:00,CNY,3394143161.78,11.36130397,3394143161.78,11.36130397,,,,,,,,,,,3268453944.88,21.4810305614,2814380954.09,32.2900320825,,,,,1218842.73,-85.9841012798,,,,,,,,,,,,,38638486.08,-80.2939412486,214566606.21,12.636798434,178359812.02,14.7053175452,,,21289243.75,72.8753691087,27686286.17,74.0748648292,10745332.45,36.1269062774,,,,,,,,,16331897.54,12894.6972807494,-276545.06,88.2000928273,,,,,20142252.75,14244.6327412027,1946996.82,100.9210607269,-54654976.21,,2399881.07,38.2494320086,,,0,,111855268.87,-24.2801687052,2048099.74,-93.0057058176,,,1169610.5,-92.5301122278,,,,,0,,112733758.11,-30.129760533,28218639.54,-74.2674419683,,,,,,,84515118.57,63.5161793683,,,84515118.57,63.5161793683,,,108540301.37,-4.5574392473,-24025182.8,61.2728641135,81652762.87,19.4988788394,,,,,0.0986,-4.5498547919,0.0986,-4.5498547919,507.14,-10.6046183677,507.14,-10.6046183677,,,,,,,,,,,,,,,,,,,,,507.14,-10.6046183677,,,,,,,,,,,,,,,507.14,-10.6046183677,,,,,,,,,84515625.71,63.5153658367,108540808.51,-4.557469413,-24025182.8,61.2728641135,,,,,,,,,,,标准无保留意见
000838.SZ,000838,财信发展,10005733,通用,2019-09-30 00:00:00,三季报,2019三季报,058001001,2019-10-29 00:00:00,2020-10-31 00:00:00,CNY,933764968.66,9.4664234763,933764968.66,9.4664234763,,,,,,,,,,,937102473.86,10.1021010317,693086959.95,5.8531691601,,,,,954427.61,175.1063959926,,,,,,,,,,,,,13002362.58,1.7500520136,115998896.27,25.4125000112,102837697.68,19.7031394295,,,11222129.77,132.4104170148,13627339.41,-56.4467723039,6110782.19,-80.0514163218,,,,,,,,,2851763.2,81.5471117651,46385.41,109.4332145296,,,,,6000.0,461.4871581687,168000.0,,967348.18,-88.556553782,854454.23,54.6811214097,,,0,,1510060.41,-87.8889649288,21980824.82,1100.771037611,,,2109177.52,-6.9412926102,,,,,0,,21381707.71,77.699271252,22815621.19,615.3741719722,,,,,,,-1433913.48,-108.7117547038,,,-1433913.48,-108.7117547038,,,30267432.75,29.7419371519,-31701346.23,-361.4846838799,12909164.49,-41.1995148315,,,,,0.0275,29.7169811321,0.0275,29.7169811321,592.49,,592.49,,,,,,,,,,,,,,,,,,,,,,592.49,,,,,,,,,,,,,,,,592.49,,,,,,,,,,-1433320.99,-108.7081550253,30268025.24,29.7444768717,-31701346.23,-361.4846838799,,,,,,,,,,,
000838.SZ,000838,财信发展,10005733,通用,2019-06-30 00:00:00,中报,2019中报,058001001,2019-08-28 00:00:00,2020-08-28 00:00:00,CNY,486072969.79,-5.5859389962,486072969.79,-5.5859389962,,,,,,,,,,,532452522.51,4.4103004074,377791035.8,-2.3241706934,,,,,647241.94,3528.3367519633,,,,,,,,,,,,,9995193.38,-3.0901368695,64280338.85,11.3530202399,72669283.47,34.3468489112,,,7069429.07,584.9968013783,8872161.3,429.3846171444,3763051.48,19.2079325087,,,,,,,,,2409485.28,216.0367648424,5862.08,102.0927414528,,,,,6000.0,461.4871581687,,,1132634.64,,668264.82,81.4631166778,,,0,,-42163167.98,-382.9523652802,1125781.92,48.4781882131,,,1944939.5,43.796220001,,,,,0,,-42982325.56,-400.432813379,4380013.62,526.1637148548,,,,,,,-47362339.18,-448.0656257259,,,-47362339.18,-448.0656257259,,,-33021618.48,-299.9822716109,-14340720.7,-393.661338628,-39560726.37,-353.9835108496,,,,,-0.03,-300.0,-0.03,-300.0,592.49,,592.49,,,,,,,,,,,,,,,,,,,,,,592.49,,,,,,,,,,,,,,,,592.49,,,,,,,,,,-47361746.69,-448.0612715195,-33021025.99,-299.9786834313,-14340720.7,-393.661338628,,,,,,,,,,,
000838.SZ,000838,财信发展,10005733,通用,2019-03-31 00:00:00,一季报,2019一季报,058001001,2019-04-30 00:00:00,2020-04-30 00:00:00,CNY,103127840.45,-66.4362535045,103127840.45,-66.4362535045,,,,,,,,,,,129908033.59,-56.2346001103,76677755.29,-67.47406395,,,,,,,,,,,,,,,,,,,2742210.42,-39.726469639,18420472.24,-37.6386475052,32770891.12,14.1004271545,,,-703295.48,-36.8752322179,1536275.8,-6.2495539491,2626349.97,79.5193765173,-164970.1,86.3708626553,,,,,,,1500662.13,651.5459390104,142024.4,149.6175268186,,,,,4252.43,,,,164970.1,,184132.41,-27.5446960897,,,0,,-24926176.07,-328.990067168,525929.67,21.1947831804,,,335236.52,-70.9370254618,,,,,0,,-24735482.92,-343.3221042694,85039.21,-82.0658275024,,,,,,,-24820522.13,-356.1044580315,,,-24820522.13,-356.1044580315,,,-19675714.15,-244.2764961834,-5144807.98,-30.3822200246,-21233083.75,-265.2485411062,,,,,-0.0179,-244.3548387097,-0.0179,-244.3548387097,,,,,,,,,,,,,,,,,,,,,,,,,,,,,,,,,,,,,,,,,,,,,,,,,,,-24820522.13,-356.1044580315,-19675714.15,-244.2764961834,-5144807.98,-30.3822200246,,,,,,,,,,,
000838.SZ,000838,财信发展,10005733,通用,2018-12-31 00:00:00,年报,2018年报,058001001,2019-04-26 00:00:00,2020-04-14 00:00:00,CNY,3047865857.15,68.9992079446,3047865857.15,68.9992079446,,,,,,,,,,,2690505612.09,60.2341333596,2127432361.9,55.0206846126,,,,,8696143.96,,,,,,,,,,,,,,196074144.34,384.1074353271,190494233.85,200.8324702857,155493935.1,98.0996567966,,,12314792.94,-8.772344736,15904815.55,45.7269329038,7893613.94,22.8553900467,211386368.26,90.5433475402,,,,,,,-127645.83,-105.1118648324,-2343620.64,-718.7653667815,,,,,140416.65,-99.8018152083,-211386368.26,,,,1735906.64,842.74920344,,,0,,147722554.26,-25.3560889796,29282436.32,1556.6127176142,,,15657671.65,5080.6578574225,,,,,0,,161347318.93,-19.0707643579,109661229.58,950.2081483293,,,,,,,51686089.35,-75.6503852017,,,51686089.35,-75.6503852017,,,113723165.55,-41.9158042995,-62037076.2,-476.5218693835,68329312.93,-37.0273663488,,,,,0.1033,-41.9336706015,0.1033,-41.9336706015,567.3,560.5455431076,567.3,560.5455431076,,,,,,,,,,,,,,,,,,,,,567.3,560.5455431076,,,,,,,,,,,,,,,567.3,560.5455431076,,,,,,,,,51686656.65,-75.650103813,113723732.85,-41.9154780071,-62037076.2,-476.5218693835,,,,,,,,,,,标准无保留意见
000838.SZ,000838,财信发展,10005733,通用,2018-09-30 00:00:00,三季报,2018三季报,058001001,2018-10-16 00:00:00,2019-10-29 00:00:00,CNY,853014960.21,32.4389039964,853014960.21,32.4389039964,,,,,,,,,,,851121336.54,50.0731497837,654762597.52,38.3855910041,,,,,346930.36,,,,,,0.0,,,,,,,,12778728.19,-24.3497975734,92493887.18,220.1560061401,85910610.34,83.4783916768,,,4828582.95,227.8299992881,31288931.11,5.4025469607,30632661.89,190.5886921916,-8453294.24,-263.6340970919,,,0.0,,,,1570811.66,4.2769191511,-491724.32,,,,,,-1659.81,-100.0023426645,,,8453294.24,,552397.23,,,,0,,12468466.99,-91.6488263073,1830559.21,68.2309967638,,,2266502.06,68391.7640730578,,,0.0,,0,,12032524.14,-91.9989484874,-4427001.28,-112.0098309339,,,,,,,16459525.42,-85.501448127,,,16459525.42,-85.501448127,,,23328950.85,-72.7422844546,-6869425.43,-124.5874821409,21954180.23,-61.8716093223,,,,,0.0212,-72.7506426735,0.0212,-72.7506426735,,,,,,,,,,,,,,,,,,,,,,,,,,,,,,,,,,,,,,,,,,,,,,,,,,,16459525.42,-85.501448127,23328950.85,-72.7422844546,-6869425.43,-124.5874821409,,,,,,,,,,,
000838.SZ,000838,财信发展,10005733,通用,2018-06-30 00:00:00,中报,2018中报,058001001,2018-08-28 00:00:00,2019-08-28 00:00:00,CNY,514831122.21,26.115677469,514831122.21,26.115677469,,,,,,,,,,,509961680.44,33.6256589532,386780474.23,18.9228985414,,,,,17838.53,,,,,,0.0,,,,,,,,10313907.23,-22.7849860042,57726623.59,205.3318297611,54090798.6,109.1717617179,,,1032038.26,182.9773534494,1675938.63,,3156712.31,,-8902700.68,-1750.425565423,,,0.0,,,,762406.64,-63.0650820045,-280114.87,,,,,,-1659.81,,8902700.68,,,,368264.82,,,,0,,14901154.1,-47.9907908974,758213.67,10.1737763096,,,1352566.5,43402.6341519896,,,0.0,,0,,14306801.27,-51.2313809171,699499.75,-94.8425182095,,,,,,,13607301.52,-13.7318631292,,,13607301.52,-13.7318631292,,,16512272.92,14.804953019,-2904971.4,-308.9348047801,15576100.29,12.2177145579,,,,,0.015,14.5038167939,0.015,14.5038167939,,,,,,,,,,,,,,,,,,,,,,,,,,,,,,,,,,,,,,,,,,,,,,,,,,,13607301.52,-13.7318631292,16512272.92,14.804953019,-2904971.4,-308.9348047801,,,,,,,,,,,
000838.SZ,000838,财信发展,10005733,通用,2018-03-31 00:00:00,一季报,2018一季报,058001001,2018-04-28 00:00:00,2019-04-30 00:00:00,CNY,307259621.52,264.7204461331,307259621.52,264.7204461331,,,,,,,,,,,296828165.44,296.0554092347,235743423.87,372.5591850916,,,,,,,,,,,0,,,,,,,,4549609.76,23.5236060405,29538282.13,266.0544302248,28721094.16,125.7328345764,,,-513822.31,-129.8524331875,1638686.39,,1462989.69,,-1210422.17,-6.3943540862,,,0,,,,199676.7,-90.1484515434,-286238.37,,,,,,,,,,,,254132.41,,,,0,,10885265.19,-3.8911587294,433954.05,28.7572541181,,,1153483.17,,,,0,,0,,10165736.07,-12.8377975111,474174.15,-91.6021982917,,,,,,,9691561.92,61.080333456,,,9691561.92,61.080333456,,,13637504.84,124.8214971524,-3945942.92,-7900.0399805044,12849180.76,120.9362675478,,,,,0.0124,125.4545454545,0.0124,125.4545454545,,,,,,,,,,,,,,,,,,,,,,,,,,,,,,,,,,,,,,,,,,,,,,,,,,,9691561.92,61.080333456,13637504.84,124.8214971524,-3945942.92,-7900.0399805044,,,,,,,,,,,
000838.SZ,000838,财信发展,10005733,通用,2017-12-31 00:00:00,年报,2017年报,058001001,2018-02-13 00:00:00,2019-04-26 00:00:00,CNY,1803479373.79,5.0925194829,1803479373.79,5.0925194829,,,,,,,,,,,1679108911.24,6.8381123882,1372353868.27,4.5896084354,,,,,,,,,,,0,,,,,,,,40502196.42,-57.7877601812,63322364.66,22.5334358924,78492783.69,5.2885649746,,,13498969.04,130.8023418214,10914122.21,,6425126.27,,110938729.16,252.3996933757,,,0,,,,2497050.18,11.402101154,-286238.37,,,,,,70851375.02,14195.7101393903,,,,,184132.39,,,,0,,197903020.14,34.4578862626,1767609.05,228.1438534744,,,302233.27,-82.0633559591,,,0,,0,,199368395.92,36.5167220861,-12898162.62,-129.8727981316,,,,,,,212266558.54,106.3593291371,,,212266558.54,106.3593291371,,,195790204.51,76.9255576535,16476354.03,311.2384723209,108506360.57,-1.6972119809,,,,,0.1779,76.8389662028,0.1779,76.8389662028,-123.18,,-123.18,,,,,,,,,,,,,,,,,,,,,,-123.18,,,,,,,,,,,,,,,,-123.18,,,,,,,,,,212266435.36,106.3592093851,195790081.33,76.925446342,16476354.03,311.2384723209,,,,,,,,,,,标准无保留意见
000838.SZ,000838,财信发展,10005733,通用,2017-09-30 00:00:00,三季报,2017三季报,058001001,2017-10-27 00:00:00,2018-10-16 00:00:00,CNY,644081863.01,-45.5667902477,644081863.01,-45.5667902477,,,,,,,,,,,567137651.05,-46.9727586517,473143621.94,-47.7592389562,,,,,,,,,,,0,,,,,,,,16891862.52,-78.1686555237,28890255.19,-18.4918323503,46823285.05,-1.2293493726,,,-3777347.24,-221.5770978429,29685175.56,,-33815105.56,,5165973.59,951.832688358,,,0,,,,1506384.8,26.5047118484,,,,,,,70851375.02,,,,,,,,,,0,,149301971.78,29.9169087425,1088122.43,36.9350123553,70728488.16,13889.6868822392,3309.16,-99.7739116945,,,0,,0,,150386785.05,31.6271601764,36861478.77,20.7028123938,,,,,,,113525306.28,35.6124296899,,,113525306.28,,,,85586595.88,1.2231945963,27938710.4,3428.8022756142,57579614.14,-32.4557685149,,,,,0.0778,1.3020833333,0.0778,1.3020833333,,,,,,,,,,,,,,,,,,,,,,,,,,,,,,,,,,,,,,,,,,,,,,,,,,,113525306.28,35.6124296899,85586595.88,1.2231945963,27938710.4,3428.8022756142,,,,,,,,,,,
000838.SZ,000838,财信发展,10005733,通用,2017-06-30 00:00:00,中报,2017中报,058001001,2017-08-25 00:00:00,2018-08-28 00:00:00,CNY,408221350.86,-57.9883941101,408221350.86,-57.9883941101,,,,,,,,,,,381634548.66,-54.5324589727,325236332.93,-55.9819536822,,,,,,,,,,,0,,,,,,,,13357385.69,-71.9406400102,18906192.53,-5.7137816028,25859512.85,-14.3087312227,,,-1243758.95,-145.8189900511,,,,,-481116.39,-671.1167396673,,,0,,,,2064189.34,237.1594656702,,,,,,,,,,,,,,,,,0,,28650991.54,-78.4487112896,688197.95,-4.9209364528,,,3109.16,-99.4642538458,,,0,,0,,29336080.33,-77.9571761568,13562815.7,-62.2769136591,,,,,,,15773264.63,-83.7611914051,,,15773264.63,,,,14382892.45,-85.5082989151,1390372.18,165.7067551298,13880250.86,-86.0260691048,,,,,0.0131,-85.4767184035,0.0131,-85.4767184035,,,,,,,,,,,,,,,,,,,,,,,,,,,,,,,,,,,,,,,,,,,,,,,,,,,15773264.63,-83.7611914051,14382892.45,-85.5082989151,1390372.18,165.7067551298,,,,,,,,,,,
000838.SZ,000838,财信发展,10005733,通用,2017-03-31 00:00:00,一季报,2017一季报,058001001,2017-04-25 00:00:00,2018-04-28 00:00:00,CNY,84245241.74,-58.6144830029,84245241.74,-58.6144830029,,,,,,,,,,,74946120.8,-58.3776346605,49886539.36,-64.158657883,,,,,,,,,,,0,,,,,,,,3683190.53,-76.5509451625,8069368.84,-14.5331252738,12723489.79,-17.1853112624,,,1721207.47,262.8115228878,,,,,-1137675.19,-916.3430399173,,,0,,,,2026855.99,259.2145813272,,,,,,,,,,,,,,,,,0,,11325976.93,-52.9344147738,337032.7,452.3369616876,,,,,,,0,,0,,11663009.63,-51.6564450108,5646408.03,-30.3828866988,,,,,,,6016601.6,-62.4305261836,,,6016601.6,,,,6065925.64,-66.7684913902,-49324.04,97.796986553,5815786.11,-68.0701921278,,,,,0.0055,-66.8674698795,0.0055,-66.8674698795,,,,,,,,,,,,,,,,,,,,,,,,,,,,,,,,,,,,,,,,,,,,,,,,,,,6016601.6,-62.4305261836,6065925.64,-66.7684913902,-49324.04,97.796986553,,,,,,,,,,,
000838.SZ,000838,财信发展,10005733,通用,2016-12-31 00:00:00,年报,2016年报,058001001,2017-01-20 00:00:00,2018-07-12 00:00:00,CNY,1716087294.0,156.9465716395,1716087294.0,156.9465716395,,,,,,,,,,,1571638504.0,152.0079486329,1312132140.85,201.4565870402,,,,,,,,,,,0.0,,,,,,,,95948939.44,20.0864892455,51677621.05,-9.6063555644,74550150.54,58.5765875939,,,5848714.07,43.2243160241,,,,,31480938.05,14388.6356884504,,,0.0,,,,2241474.94,768.4785751321,,,,,,,495612.84,,,,,,,,,,0,,147185877.78,230.83817059,538668.95,-96.7760518529,521010.86,1088.2376954964,1685004.56,4125.082075445,25398.02,,0.0,,0,,146039542.17,138.7934473621,43176948.35,363.9503111737,,,,,,,102862593.82,32.6998176305,,,102862593.82,,,,110662476.98,31.9337733197,-7799883.16,-22.600276386,110379738.72,209.6087813419,,,,,0.1006,-50.7104360608,0.1006,-50.7104360608,,,,,,,,,,,,,,,,,,,,,,,,,,,,,,,,,,,,,,,,,,,,,,,,,,,102862593.82,32.6998176305,110662476.98,31.9337733197,-7799883.16,-22.600276386,,,,,,,,,,,标准无保留意见
000838.SZ,000838,财信发展,10005733,通用,2016-09-30 00:00:00,三季报,2016三季报,058001001,2016-10-22 00:00:00,2017-10-27 00:00:00,CNY,1183251669.23,101.777127569,1183251669.23,101.777127569,,,,,,,,,,,1069521318.91,110.6300250389,905698179.9,151.2473280502,,,,,,,,,,,,,,,,,,,77374357.49,-2.3781809025,35444613.74,-14.6382583053,47406071.29,73.4116456431,,,3106956.25,655.935205421,,,,,491140.24,282.7238368698,,,,,,,1190773.67,361.3754103476,,,,,,,,,,,,,,,,,0,,114921123.99,45.6527357338,794626.89,-95.1340504747,505575.92,,1463658.19,3570.0648354015,,,,,0,,114252092.69,20.0237452582,30539038.85,39.0345186878,,,,,,,83713053.84,14.321233003,,,,,,,84552356.03,10.9649228063,-839302.19,71.7521627318,85247271.12,42.2995921887,,,,,0.0768,-2.538071066,0.0768,-2.538071066,,,,,,,,,,,,,,,,,,,,,,,,,,,,,,,,,,,,,,,,,,,,,,,,,,,83713053.84,14.321233003,84552356.03,10.9649228063,-839302.19,71.7521627318,,,,,,,,,,,
000838.SZ,000838,财信发展,10005733,通用,2016-06-30 00:00:00,中报,2016中报,058001001,2016-08-30 00:00:00,2017-08-25 00:00:00,CNY,971687090.3,93.50102767,971687090.3,93.50102767,,,,,,,,,,,839356032.98,104.6833298786,738870440.96,147.4531094174,,,,,,,,,,,,,,,,,,,47604028.37,-30.9174446381,20051915.17,-32.4721996919,30177535.26,120.8063991883,,,2714505.38,938.0606084107,,,,,-62392.16,86.463863792,,,,,,,612229.39,343.9253487116,,,,,,,,,,,,,,,,,0,,132943286.71,44.1530727287,723816.5,679.5767397612,,,580342.01,1355.1845628707,,,,,0,,133086761.2,44.2258124946,35953621.55,40.6127925888,,,,,,,97133139.65,45.610698485,,,,,,,99249165.89,45.5391594629,-2116026.24,-42.329268289,99329608.57,45.7420191127,,,,,0.0902,27.9432624113,0.0902,27.9432624113,,,,,,,,,,,,,,,,,,,,,,,,,,,,,,,,,,,,,,,,,,,,,,,,,,,97133139.65,45.610698485,99249165.89,45.5391594629,-2116026.24,-42.329268289,,,,,,,,,,,
000838.SZ,000838,财信发展,10005733,通用,2016-03-31 00:00:00,一季报,2016一季报,058001001,2016-04-26 00:00:00,2017-04-25 00:00:00,CNY,203562134.42,1986.6687744301,203562134.42,1986.6687744301,,,,,,,,,,,180062137.72,592.4586637861,139187140.92,2548.2032225598,,,,,,,,,,,,,,,,,,,15707202.51,588.45742008,9441516.22,-29.5967349215,15363808.02,166.20302025,,,474408.16,260.3392644772,,,,,-111938.11,73.3682381686,,,,,,,564246.58,,,,,,,,,,,,,,,,,,0,,24064243.28,248.1064179966,61019.4,1120.388,,,,,,,,,0,,24125262.68,248.4276392797,8110660.96,217.313032375,,,,,,,16014601.72,271.4589296749,,,,,,,18253536.76,311.5920477137,-2238935.04,-213.8235271031,18214284.7,311.2827047311,,,,,0.0166,286.5168539326,0.0166,286.5168539326,,,,,,,,,,,,,,,,,,,,,,,,,,,,,,,,,,,,,,,,,,,,,,,,,,,16014601.72,271.4589296749,18253536.76,311.5920477137,-2238935.04,-213.8235271031,,,,,,,,,,,
000838.SZ,000838,财信发展,10005733,通用,2015-12-31 00:00:00,年报,2015年报,058001001,2016-01-16 00:00:00,2017-01-20 00:00:00,CNY,667877093.3,12.1043922127,667877093.3,12.1043922127,,,,,,,,,,,623646401.84,26.1639177987,435264047.05,27.6486385801,,,,,,,,,,,,,,,,,,,79899862.21,-3.1274668898,57169529.31,32.7275713263,47012078.94,75.9743071864,,,4083604.12,69.6807653833,,,,,217280.21,116.1448471067,,,,,,,258092.14,,,,,,,,,,,,,,,,,,0,,44488783.6,-56.1467149948,16708362.71,33523.4152783994,43847.36,,39880.99,7953.0238475052,,,,,0,,61157265.32,-39.7455538479,-16357983.5,-158.0004275832,,,,,,,77515248.82,5.7577032772,,,,,,,83877292.52,12.5105187317,-6362043.7,-406.737778008,35651359.19,-52.1546337537,,,,,0.2041,-50.4491381403,0.2041,-50.4491381403,,,,,,,,,,,,,,,,,,,,,,,,,,,,,,,,,,,,,,,,,,,,,,,,,,,77515248.82,5.7575149066,83877292.52,12.5103217082,-6362043.7,-406.737778008,,,,,,,,,,,标准无保留意见
000838.SZ,000838,财信发展,10005733,通用,2015-09-30 00:00:00,三季报,2015三季报,058001001,2015-10-24 00:00:00,2016-10-22 00:00:00,CNY,586415161.86,65.2479983304,586415161.86,65.2479983304,,,,,,,,,,,507772488.14,68.22754717,360480721.1,73.9472396168,,,,,,,,,,,,,,,,,,,79259286.71,58.6596211568,41522833.34,63.4968784358,27337305.47,79.3327944571,,,-558870.21,-111.6779632797,,,,,-268788.27,65.5753481892,,,,,,,258092.14,,,,,,,,,,,,,,,,,,0,,78900765.86,48.7766078936,16330356.2,39881.6773820774,,,39880.99,,,,,,0,,95191241.07,79.356066136,21965076.83,85.4107304542,,,,,,,73226164.24,77.6162460777,,,,,,,76197372.91,82.0065389818,-2971208.67,-365.7014252237,59906897.7,43.2345332574,,,,,0.0788,-65.9316904453,0.0788,-65.9316904453,,,,,,,,,,,,,,,,,,,,,,,,,,,,,,,,,,,,,,,,,,,,,,,,,,,73226164.24,77.6162460777,76197372.91,82.0065389818,-2971208.67,-365.7014252237,,,,,,,,,,,
000838.SZ,000838,财信发展,10005733,通用,2015-06-30 00:00:00,中报,2015中报,058001001,2015-08-18 00:00:00,2016-08-30 00:00:00,CNY,502161204.0,50.6578894076,502161204.0,50.6578894076,,,,,,,,,,,410075424.06,52.5588399287,298590081.45,51.828947184,,,,,,,,,,,,,,,,,,,68908899.1,49.04487271,29694311.2,90.4219834993,13666965.89,57.4259043563,,,-323903.23,-127.0218790026,,,,,-460930.35,-207.6323372008,,,,,,,137912.69,,,,,,,,,,,,,,,,,,0,,92223692.63,42.9513379385,92847.37,127.3185929107,,,39880.99,,,,,,0,,92276659.01,42.9429396249,25569239.39,71.1161355718,,,,,,,66707419.62,34.4575091143,,,,,,,68194131.57,37.0311744113,-1486711.95,-870.7786356501,68154406.79,37.063844488,,,,,0.0705,-74.3543106584,0.0705,-74.3543106584,,,,,,,,,,,,,,,,,,,,,,,,,,,,,,,,,,,,,,,,,,,,,,,,,,,66707419.62,34.4575091143,68194131.57,37.0311744113,-1486711.95,-870.7786356501,,,,,,,,,,,
000838.SZ,000838,财信发展,10005733,通用,2015-03-31 00:00:00,一季报,2015一季报,058001001,2015-04-25 00:00:00,2016-04-26 00:00:00,CNY,9755364.0,-92.949970172,9755364.0,-92.949970172,,,,,,,,,,,26003304.91,-76.5830581479,5255908.6,-93.8323833949,,,,,,,,,,,,,,,,,,,2281506.75,-86.7553951402,13410622.66,155.0111366426,5771462.7,42.4435199957,,,-295877.72,-111.5827200202,,,,,-420318.08,26.2175170266,,,,,,,,,,,,,,,,,,,,,,,,,0,,-16247940.91,-159.4541233549,5000.0,156.0163850486,,,10947.38,,,,,,0,,-16253888.29,-159.4716358157,-6913691.34,,,,,,,,-9340196.95,-134.1750097913,,,,,,,-8626759.35,-131.564600493,-713437.6,,-8620811.97,-131.5428395205,,,,,-0.0089,-105.8940397351,-0.0089,-105.8940397351,,,,,,,,,,,,,,,,,,,,,,,,,,,,,,,,,,,,,,,,,,,,,,,,,,,-9340196.95,-134.1750097913,-8626759.35,-131.564600493,-713437.6,,,,,,,,,,,,
000838.SZ,000838,财信发展,10005733,通用,2014-12-31 00:00:00,年报,2014年报,058001001,2015-02-17 00:00:00,2016-01-16 00:00:00,CNY,595763538.0,34.3036158899,595763538.0,34.3036158899,,,,,,,,,,,494314390.93,37.1039349857,340986047.24,35.1636390464,,,,,,,,,,,,,,,,,,,82479377.43,32.7984833241,43072836.14,51.2024294945,26715308.44,53.6333602506,,,2406639.38,585.8559661504,,,,,-1345817.7,-273.8257263083,,,,,,,,,,,,,,,,,,,,,,,,,0,,101449147.07,22.1474438047,49692.64,-6.3110988772,,,495.23,,,,,,0,,101498344.48,22.1286854287,28203211.91,20.6225357698,,,,,,,73295132.57,22.7183057735,,,,,,,74550622.88,24.8203777442,-1255490.31,,74513713.63,24.8417298705,,,,,0.4119,24.8181818182,0.4119,24.8181818182,130.55,,130.55,,,,,,,,,,,,,,,,,,,,,,130.55,,,,,,,,,,,,,,,,,,130.55,,,,,,,,73295263.12,22.7185243539,74550753.43,24.8205963245,-1255490.31,,,,,,,,,,,,标准无保留意见
000838.SZ,000838,财信发展,10005733,通用,2014-09-30 00:00:00,三季报,2014三季报,058001001,2014-10-24 00:00:00,2015-10-24 00:00:00,CNY,354869752.0,6138.1103155041,354869752.0,6138.1103155041,,,,,,,,,,,301836706.7,891.8300196231,207235666.34,6427.4842628006,,,,,,,,,,,,,,,,,,,49955550.21,7314.9757393216,25396713.22,50.324830281,15243896.44,46.359186662,,,4785682.2,1313.180548286,,,,,-780801.71,-135.3869037139,,,,,,,,,,,,,,,,,,,,,,,,,0,,53033045.3,314.3306653111,40844.6,-9.2343029028,,,,,,,,,0,,53073889.9,314.8865416991,11846712.85,,,,,,,,41227177.05,266.9213527967,,,,,,,41865184.26,269.5045281244,-638007.21,,41824339.66,269.3391557566,,,,,0.2313,269.4505494505,0.2313,269.4505494505,,,,,,,,,,,,,,,,,,,,,,,,,,,,,,,,,,,,,,,,,,,,,,,,,,,41227177.05,266.9213527967,41865184.26,269.5045281244,-638007.21,,,,,,,,,,,,
000838.SZ,000838,财信发展,10005733,通用,2014-06-30 00:00:00,中报,2014中报,058001001,2014-08-13 00:00:00,2015-08-18 00:00:00,CNY,333312252,5759.1598347472,333312252,5759.1598347472,,,,,,,,,,,268798205.5,1717.96485897,196662156.32,6094.4411072615,,,,,,,,,,,,,,,,,,,46233659.6,6762.5300458692,15593951.21,199.5704537382,8681522.87,28.5249620467,,,1198670.27,464.680378486,,,,,428245.23,161.6760696417,,,,,,,,,,,,,,,,,,,,,,,,,0,,64514046.5,809.1850023774,40844.6,16.6988238003,,,,,,,,,0,,64554891.1,812.3748250459,14942623.21,,,,,,,,49612267.89,647.4802924463,,,,,,,49765414.23,649.1702898316,-153146.34,,49724569.63,648.71956233,,,,,0.2749,648.7025948104,0.2749,648.7025948104,,,,,,,,,,,,,,,,,,,,,,,,,,,,,,,,,,,,,,,,,,,,,,,,,,,49612267.89,647.4802924463,49765414.23,649.1702898316,-153146.34,,,,,,,,,,,,
000838.SZ,000838,财信发展,10005733,通用,2014-03-31 00:00:00,一季报,2014一季报,058001001,2014-04-24 00:00:00,2015-04-25 00:00:00,CNY,138373372,,138373372,,,,,,,,,,,,111044837.0,2247.417074297,85217822.97,,,,,,,,,,,,,,,,,,,,17225932.93,,5258838.04,119.7188008255,4051755.18,57.7499613807,,,-139840.21,-17.8103863887,,,,,-569671.91,-405.4950204466,,,,,,,,,,,,,,,,,,,,,,,,,0,,27328535.0,677.7078107154,1953.0,-95.1175012206,,,,,,,,,0,,27330488.0,682.676057304,,,,,,,,,27330488.0,682.676057304,,,,,,,27330488.0,682.676057304,,,27330488.0,682.676057304,,,,,0.151,683.0115830116,0.151,683.0115830116,,,,,,,,,,,,,,,,,,,,,,,,,,,,,,,,,,,,,,,,,,,,,,,,,,,27330488.0,682.676057304,27330488.0,682.676057304,,,,,,,,,,,,,
000838.SZ,000838,财信发展,10005733,通用,2013-12-31 00:00:00,年报,2013年报,058001001,2014-02-18 00:00:00,2015-02-17 00:00:00,CNY,443594563,58.959904356,443594563,58.959904356,,,,,,,,,,,360539900.61,53.0756424656,252276462.55,52.0084281155,,,,,,,,,,,,,,,,,,,62108674.26,82.6447368859,28486867.76,37.9247470633,17389002.23,20.5825538465,,,-495340.09,-151.51703579,,,,,774233.9,12.9600123162,,,,,,,,,,,,,,,,,,,,,,,,,0,,83054662.39,90.7981720391,53040.05,-79.6158490467,,,,,,,,,0,,83107702.44,89.8522126769,23381378.72,86.5903790148,,,,,,,59726323.72,91.1604148324,,,,,,,59726323.72,91.1604148324,,,59686543.68,92.1624445415,,,,,0.33,91.1935110081,0.33,91.1935110081,,,,,,,,,,,,,,,,,,,,,,,,,,,,,,,,,,,,,,,,,,,,,,,,,,,59726323.72,91.1604148324,59726323.72,91.1604148324,,,,,,,,,,,,,标准无保留意见
000838.SZ,000838,财信发展,10005733,通用,2013-09-30 00:00:00,三季报,2013三季报,058001001,2013-10-19 00:00:00,2014-10-24 00:00:00,CNY,5688738,1085.15375,5688738,1085.15375,,,,,,,,,,,30432301.98,19.4903470171,3174816.79,1508.1729634873,,,,,,,,,,,,,,,,,,,673711.58,2417.6068011958,16894556.39,0.7256972359,10415401.17,21.0739558591,,,-394474.03,-310.4534763796,,,,,-331709.92,-847.7426285714,,,,,,,,,,,,,,,,,,,,,,,,,0,,-24743563.98,0.979873125,45000.04,-72.6114513611,,,,,,,,,0,,-24698563.94,0.6680706382,,,,,,,,,-24698563.94,0.6680706382,,,,,,,-24698563.94,0.6680706382,,,-24698563.94,1.1599567086,,,,,-0.1365,0.6550218341,-0.1365,1.1585807386,,,,,,,,,,,,,,,,,,,,,,,,,,,,,,,,,,,,,,,,,,,,,,,,,,,-24698563.94,0.6680706382,-24698563.94,0.6680706382,,,,,,,,,,,,,
000838.SZ,000838,财信发展,10005733,通用,2013-06-30 00:00:00,中报,2013中报,058001001,2013-08-29 00:00:00,2014-08-13 00:00:00,CNY,5688738,4640.615,5688738,4640.615,,,,,,,,,,,14785665.64,-11.4933809035,3174816.79,,,,,,,,,,,,,,,,,,,,673711.58,10107.7512121212,5205436.99,-52.7412516629,6754736.77,16.8095792596,,,-328690.64,-418.9970487222,,,,,-694345.85,-1883.8452857143,,,,,,,,,,,,,,,,,,,,,,,,,0,,-9096927.64,45.1520399325,35000.01,-65.9074883401,,,,,,,,,0,,-9061927.63,45.060326005,,,,,,,,,-9061927.63,45.060326005,,,,,,,-9061927.63,45.060326005,,,-9061927.63,45.060326005,,,,,-0.0501,45.0054884742,-0.0501,45.3056768559,,,,,,,,,,,,,,,,,,,,,,,,,,,,,,,,,,,,,,,,,,,,,,,,,,,-9061927.63,45.060326005,-9061927.63,45.060326005,,,,,,,,,,,,,
000838.SZ,000838,财信发展,10005733,通用,2013-03-31 00:00:00,一季报,2013一季报,058001001,2013-04-23 00:00:00,2014-04-24 00:00:00,CNY,0,,0,,,,,,,,,,,,4730511.6,9.3690654769,0.0,,,,,,,,,,,,,,,,,,,,,,2393440.17,10.6884456965,2568466.67,18.4047833148,,,-118699.39,-1792.175566739,,,,,-112695.85,,,,,,,,,,,,,,,,,,,,,,,,,,0.0,,-4730511.6,-9.3690654769,40000.01,140.9639156627,,,,,,,,,0.0,,-4690511.59,-8.8620708461,,,,,,,,,-4690511.59,-8.8620708461,,,,,,,-4690511.59,-8.8620708461,,,-4690511.59,-8.8620708461,,,,,-0.0259,-8.8235294118,-0.0259,-8.8235294118,,,,,,,,,,,,,,,,,,,,,,,,,,,,,,,,,,,,,,,,,,,,,,,,,,,-4690511.59,-8.8620708461,-4690511.59,-8.8620708461,,,,,,,,,,,,,
000838.SZ,000838,财信发展,10005733,通用,2012-12-31 00:00:00,年报,2012年报,058001001,2013-04-03 00:00:00,2014-02-18 00:00:00,CNY,279060663,36753.1970263954,279060663,36753.1970263954,,,,,,,,,,,235530548.69,584.5545597406,165962154.65,41732.4456993119,,,,,,,,,,,0.0,,,,,,,,34005181.49,10478.8352778521,20653920.61,-2.4014677564,14420827.62,14.673492903,,,-196940.97,-4649.1245246438,,,,,685405.29,1612.6860055334,,,0.0,,,,,,,,,,,,,,,,,,,,,,0.0,,43530114.31,229.3645887943,260202.4,174.4618166694,,,15371.31,,1268.13,,0.0,,0.0,,43774945.4,230.4597506918,12530859.76,309.1993036842,,,,,,,31244085.64,213.3491920453,,,,,,,31244085.64,213.3491920453,,,31060462.32,212.332337314,,,,,0.1726,213.3289560079,0.1726,212.9581151832,,,,,,,,,,,,,,,,,,,,,,,,,,,,,,,,,,,,,,,,,,,,,,,,,,,31244085.64,213.3491920453,31244085.64,213.3491920453,,,,,,,,,,,,,标准无保留意见
000838.SZ,000838,财信发展,10005733,通用,2012-09-30 00:00:00,三季报,2012三季报,058001001,2012-10-19 00:00:00,2013-10-19 00:00:00,CNY,480000,-37.4046398811,480000,-37.4046398811,,,,,,,,,,,25468418.78,102.1143001648,197417.62,-58.1474039407,,,,,,,,,,,,,,,,,,,26760.0,13.5434991255,16772836.38,164.1171111702,8602511.66,48.5733704654,,,-96106.88,-175.5835012714,,,,,-35000.0,,,,,,,,,,,,,,,,,,,,,,,,,,0.0,,-24988418.78,-111.1548435666,164302.39,138.7956820904,,,40561.16,,,,,,0.0,,-24864677.55,-111.3379487862,,,,,,,,,-24864677.55,-111.3379487862,,,,,,,-24864677.55,-111.3379487862,,,-24988418.78,-111.1548453509,,,,,-0.1374,-111.3846153846,-0.1381,-111.1620795107,,,,,,,,,,,,,,,,,,,,,,,,,,,,,,,,,,,,,,,,,,,,,,,,,,,-24864677.55,-111.3379487862,-24864677.55,-111.3379487862,,,,,,,,,,,,,
000838.SZ,000838,财信发展,10005733,通用,2012-06-30 00:00:00,中报,2012中报,058001001,2012-08-14 00:00:00,2013-08-29 00:00:00,CNY,120000,-84.3511599703,120000,-84.3511599703,,,,,,,,,,,16705717.37,172.0209459411,0.0,-100.0,,,,,,,,,,,,,,,,,,,6600.0,-71.9959979735,11014758.48,438.0874871765,5782690.78,62.1677488056,,,-63331.89,-273.6288883855,,,,,-35000.0,-169.8183048435,,,,,,,,,,,,,,,,,,,,,,,,,0.0,,-16585717.37,-208.5999098711,102661.87,,,,11268.13,,,,,,0.0,,-16494323.63,-206.8994045932,,,,,,,,,-16494323.63,-206.8994045932,,,,,,,-16494323.63,-206.8994045932,,,-16494323.63,-206.8994045932,,,,,-0.0911,-206.734006734,-0.0916,-208.4175084175,,,,,,,,,,,,,,,,,,,,,,,,,,,,,,,,,,,,,,,,,,,,,,,,,,,-16494323.63,-206.8994045932,-16494323.63,-206.8994045932,,,,,0.0,,,,0.0,,,,
000838.SZ,000838,财信发展,10005733,通用,2012-03-31 00:00:00,一季报,2012一季报,058001001,2012-04-19 00:00:00,2013-04-23 00:00:00,CNY,0,-100.0,0,-100.0,,,,,,,,,,,4325273.86,21.8363074853,0.0,-100.0,,,,,,,,,,,,,,,,,,,,,2162321.6,290.4869706546,2169225.43,-17.1338767704,,,-6273.17,-102.249827439,,,,,,,,,,,,,,,,,,,,,,,,,,,,,,,,,-4325273.86,-36.7355699492,16600.0,,,,,,,,,,,,-4308673.86,-36.2107915109,,,,,,,,,-4308673.86,-36.2107915109,,,,,,,-4308673.86,-36.2107915109,,,-4308673.86,,,,,,-0.0238,-36.0,-0.0238,-36.0,,,,,,,,,,,,,,,,,,,,,,,,,,,,,,,,,,,,,,,,,,,,,,,,,,,-4308673.86,-36.2107915109,-4308673.86,-36.2107915109,,,,,0.0,,,,0.0,,,,
000838.SZ,000838,财信发展,10005733,通用,2011-12-31 00:00:00,年报,2011年报,058001001,2012-03-30 00:00:00,2013-04-03 00:00:00,CNY,757222.4,-31.9432625643,757222.4,-31.9432625643,,,,,,,,,,,34406395.42,33.1699657319,396730.7,36.4777994945,,,,,,,,,,,0.0,,,,,,,,321445.42,-55.6519996701,21162122.15,3049.0249916294,12575554.52,10.1659580524,,,-4146.89,99.7166996604,,,,,-45310.48,-100.3191419981,,,0.0,,,,,,,,,,,,,,,,,,,,,,0.0,,-33649173.02,-36.1002246883,94804.59,,,,,,,,0.0,,0.0,,-33554368.43,-35.543141378,-5989914.66,-916.6513847133,,,,,,,-27564453.77,-14.061497144,,,,,,,-27564453.77,-14.061497144,,,-27650508.36,-14.5677357158,,,,,-0.1523,-14.0823970037,-0.1528,-14.456928839,,,,,,,,,,,,,,,,,,,,,,,,,,,,,,,,,,,,,,,,,,,,,,,,,,,-27564453.77,-14.061497144,-27564453.77,-14.061497144,,,,,0,,,,0,,,,标准无保留意见
000838.SZ,000838,财信发展,10005733,通用,2011-09-30 00:00:00,三季报,2011三季报,058001001,2011-10-21 00:00:00,2012-10-19 00:00:00,CNY,766830.0,11013.4782608696,766830.0,11013.4782608696,,,,,,,,,,,12600997.93,46.6105350788,471697.43,,,,,,,,,,,,,,,,,,,,23568.06,,6350530.0,1064.6114853899,5790076.4,-28.7356310804,,,-34873.96,53.6234065757,,,,,,,,,,,,,,,,,,,,,,,,,,,,,,,,,-11834167.93,-37.7992200677,68804.59,,,,,,,,,,,,-11765363.34,-36.9980468129,,,,,,,,,-11765363.34,-36.9980468129,,,,,,,-11765363.34,-36.9980468129,,,-11834167.83,,,,,,-0.065,-37.1308016878,-0.0654,-37.9746835443,,,,,,,,,,,,,,,,,,,,,,,,,,,,,,,,,,,,,,,,,,,,,,,,,,,-11765363.34,-36.9980468129,-11765363.34,-36.9980468129,,,,,0,,,,0,,,,
000838.SZ,000838,财信发展,10005733,通用,2011-06-30 00:00:00,中报,2011中报,058001001,2011-08-19 00:00:00,2012-08-14 00:00:00,CNY,766830.0,116086.363636364,766830.0,116086.363636364,,,,,,,,,,,6141334.93,-9.1742071318,471697.43,,,,,,,,,,,,,,,,,,,,23568.06,,2047020.0,333.1357503158,3565869.8,-45.3033707838,,,-16950.48,43.8656868112,,,,,50130.12,125.0520617378,,,,,,,,,,,,,,,,,,,,,,,,,,,-5374504.93,20.5072953965,,,,,,,,,,,,,-5374504.93,20.5072953965,,,,,,,,,-5374504.93,20.5072953965,,,,,,,-5374504.93,20.5072953965,,,-5374504.93,20.5072953965,,,,,-0.0297,20.5882352941,-0.0297,20.5882352941,,,,,,,,,,,,,,,,,,,,,,,,,,,,,,,,,,,,,,,,,,,,,,,,,,,-5374504.93,20.5072953965,-5374504.93,20.5072953965,,,,,0,,,,0,,,,
000838.SZ,000838,财信发展,10005733,通用,2011-03-31 00:00:00,一季报,2011一季报,058001001,2011-04-26 00:00:00,2012-04-19 00:00:00,CNY,386830.0,58510.6060606061,386830.0,58510.6060606061,,,,,,,,,,,3550069.72,-32.5379835618,78468.16,,,,,,,,,,,,,,,,,,,,21275.65,,553750.0,34.4899770904,2617746.97,-46.0710810324,,,278828.94,8098.4893947826,,,,,,,,,,,,,,,,,,,,,,,,,,,,,,,,,-3163239.72,39.8813785091,,,,,,,,,,,,,-3163239.72,39.8813785091,,,,,,,,,-3163239.72,39.8813785091,,,,,,,-3163239.72,39.8813785091,,,,,,,,,-0.0175,39.8625429553,-0.0175,39.8625429553,,,,,,,,,,,,,,,,,,,,,,,,,,,,,,,,,,,,,,,,,,,,,,,,,,,-3163239.72,39.8813785091,-3163239.72,39.8813785091,,,,,0,,,,0,,,,
000838.SZ,000838,财信发展,10005733,通用,2010-12-31 00:00:00,年报,2010年报,058001001,2011-04-26 00:00:00,2012-03-30 00:00:00,CNY,1112634.0,-97.5751700996,1112634.0,-97.5751700996,,,,,,,,,,,25836452.86,-37.33149158,290692.48,-98.793622057,,,,,,,,,,,,,,,,,,,724825.06,-85.2827570512,672021.41,133.7395123605,11415100.22,23.7533129428,,,-1463778.69,-1613.6268565927,,,,,14197592.38,410.7604384328,,,,,,,,,,,,,,,,,,,,,,,,,,,-24723818.86,-630.7975328073,,,,,31670.86,,,,,,,,-24755489.72,-621.1472983963,-589180.79,-125.9334644888,,,,,,,-24166308.93,-1075.1176735628,,,,,,,-24166308.93,-1075.1176735628,,,-24134638.07,-1111.5237256102,,,,,-0.1335,-1074.4525547445,-0.1335,-1074.4525547445,,,,,,,,,,,,,,,,,,,,,,,,,,,,,,,,,,,,,,,,,,,,,,,,,,,-24166308.93,-1075.1176735628,-24166308.93,-1075.1176735628,,,,,0,,,,0,,,,标准无保留意见
000838.SZ,000838,财信发展,10005733,通用,2010-09-30 00:00:00,三季报,2010三季报,058001001,2010-10-23 00:00:00,2011-10-21 00:00:00,CNY,6900,76.9230769231,6900,76.9230769231,,,,,,,,,,,8594878.89,27.9993458315,0.0,,,,,,,,,,,,0.0,,,,,,,,,,545291.72,107.8375102967,8124784.5,22.1943375787,,,-75197.33,-24.7878448341,,,,,,,,,0.0,,,,,,,,,,,,,,,,,,,,,,0.0,,-8587978.89,-27.9709140232,,,,,,,,,0.0,,0.0,,-8587978.89,-27.9709140232,,,,,,,,,-8587978.89,-27.3239961442,,,,,,,-8587978.89,-27.3239961442,,,,,,,,,-0.0474,-27.0777479893,-0.0474,-27.0777479893,,,,,,,,,,,,,,,,,,,,,,,,,,,,,,,,,,,,,,,,,,,,,,,,,,,-8587978.89,-27.3239961442,-8587978.89,-27.3239961442,,,,,0,,,,0,,,,
000838.SZ,000838,财信发展,10005733,通用,2010-06-30 00:00:00,中报,2010中报,058001001,2010-08-06 00:00:00,2011-08-19 00:00:00,CNY,660,,660,,,,,,,,,,,,6761663.99,26.5805380146,0.0,,,,,,,,,,,,,,,,,,,,,,472604.72,107.6439266472,6519359.33,22.4032583059,,,-30196.29,40.5710251695,,,,,-200103.77,-24.1824622417,,,,,,,,,,,,,,,,,,,,,,,,,,,-6761003.99,-26.568182601,,,,,,,,,,,,,-6761003.99,-26.568182601,,,,,,,,,-6761003.99,-25.6116679879,,,,,,,-6761003.99,-25.6116679879,,,-6761003.99,-25.6116679879,,,,,-0.0374,-25.9259259259,-0.0374,-25.9259259259,,,,,,,,,,,,,,,,,,,,,,,,,,,,,,,,,,,,,,,,,,,,,,,,,,,-6761003.99,-25.6116679879,-6761003.99,-25.6116679879,,,,,0,,,,0,,,,
000838.SZ,000838,财信发展,10005733,通用,2010-03-31 00:00:00,一季报,2010一季报,058001001,2010-04-16 00:00:00,2011-04-26 00:00:00,CNY,660,,660,,,,,,,,,,,,5262323.76,97.9605360496,0.0,,,,,,,,,,,,,,,,,,,,,,411740.72,524.0219381808,4854069.06,75.7157300504,,,-3486.02,87.2570547296,,,,,,,,,,,,,,,,,,,,,,,,,,,,,,,,,-5261663.76,-97.9357078634,,,,,,,,,,,,,-5261663.76,-97.9357078634,,,,,,,,,-5261663.76,-95.3124851462,,,,,,,-5261663.76,-95.3124851462,,,,,,,,,-0.0291,-95.3020134228,-0.0291,-95.3020134228,,,,,,,,,,,,,,,,,,,,,,,,,,,,,,,,,,,,,,,,,,,,,,,,,,,-5261663.76,-95.3124851462,-5261663.76,-95.3124851462,,,,,0,,,,0,,,,
000838.SZ,000838,财信发展,10005733,通用,2009-12-31 00:00:00,年报,2009年报,058001001,2011-04-26 00:00:00,2011-04-26 00:00:00,CNY,45885033,-64.4901987215,45885033,-64.4901987215,,,,,,,,,,,41227170.57,-62.7666751419,24096302.63,-67.6772253498,,,,,,,,,,,,,,,,,,,4925005.74,-65.4295800798,287508.69,-74.5616075531,9224076.47,-55.9070655188,,,-85419.92,-114.711678221,,,,,2779696.96,497.5404437455,,,,,,,,,,,,,,,,,,,,,,,,,,,4657862.43,-74.8106593618,92328.12,,,,,,,,,,,,4750190.55,-72.411671547,2271893.87,-65.9457025629,,,,,,,2478296.68,-76.5017525537,,,,,,,2478296.68,-76.5017525537,,,2385968.56,-79.3461132376,,,,,0.0137,-76.5008576329,0.0137,-76.5008576329,,,,,,,,,,,,,,,,,,,,,,,,,,,,,,,,,,,,,,,,,,,,,,,,,,,2478296.68,-76.5017525537,2478296.68,-76.5017525537,,,,,0,,,,0,,,,标准无保留意见
000838.SZ,000838,财信发展,10005733,通用,2009-09-30 00:00:00,三季报,2009三季报,058001001,2010-10-23 00:00:00,2010-10-23 00:00:00,CNY,3900,-99.9969446956,3900,-99.9969446956,,,,,,,,,,,6714783.45,-93.5914607787,0.0,-100.0,,,,,,,,,,,0.0,,,,,,,,,,262364.44,-66.2511201413,6649067.92,-55.2602160372,,,-60260.14,-109.635644138,,,,,-136388.77,78.825884637,,,0.0,,,,,,,,,,,,,,,,,,,,,,0.0,,-6710883.45,-129.3459614687,,,,,,,,,0.0,,0.0,,-6710883.45,-129.6072736591,34097.19,-99.5119307643,,,,,,,-6744980.64,-143.0159210678,,,,,,,-6744980.64,-143.0159210678,,,,,,,,,-0.0373,-143.0715935335,-0.0373,-143.0715935335,,,,,,,,,,,,,,,,,,,,,,,,,,,,,,,,,,,,,,,,,,,,,,,,,,,-6744980.64,-143.0159210678,-6744980.64,-143.0159210678,,,,,0,,,,0,,,,
000838.SZ,000838,财信发展,10005733,通用,2009-06-30 00:00:00,中报,2009中报,058001001,2010-08-06 00:00:00,2010-08-06 00:00:00,CNY,0,-100.0,0,-100.0,,,,,,,,,,,5341788.0,-94.2914063022,,,,,,,,,,,,,,,,,,,,,,,227603.44,-66.1274352942,5326132.18,-56.2150290353,,,-50810.72,-107.9998518765,,,,,-161136.9,87.5854104024,,,,,,,,,,,,,,,,,,,,,,,,,,,-5341788.0,-124.8800368889,,,,,,,,,,,,,-5341788.0,-124.9362457078,40676.94,-99.3314574604,,,,,,,-5382464.94,-135.0938148574,,,,,,,-5382464.94,-135.0938148574,,,-5382464.94,-135.0109589211,,,,,-0.0297,-135.0649350649,-0.0297,-135.0649350649,,,,,,,,,,,,,,,,,,,,,,,,,,,,,,,,,,,,,,,,,,,,,,,,,,,-5382464.94,,-5382464.94,,,,,,0,,,,0,,,,
000838.SZ,000838,财信发展,10005733,通用,2009-03-31 00:00:00,一季报,2009一季报,058001001,2010-04-16 00:00:00,2010-04-16 00:00:00,CNY,0,-100.0,0,-100.0,,,,,,,,,,,2658269.1,-95.9037839752,0.0,-100.0,,,,,,,,,,,,,,,,,,,,,65981.77,-83.1652879693,2762455.62,-58.8128151077,,,-27356.47,-103.1749450676,,,,,-142811.82,90.5318215548,,,,,,,,,,,,,,,,,,,,,,,,,,,-2658269.1,-121.76226154,,,,,,,,,,,,,-2658269.1,-121.8372896766,35702.95,8373.0640529701,,,,,,,-2693972.05,-122.1313502347,,,,,,,-2693972.05,-122.1313502347,,,,,,,,,-0.0149,-111.0780669145,-0.0149,-111.0780669145,,,,,,,,,,,,,,,,,,,,,,,,,,,,,,,,,,,,,,,,,,,,,,,,,,,-2693972.05,,-2693972.05,,,,,,0,,,,0,,,,
000838.SZ,000838,财信发展,10005733,通用,2008-12-31 00:00:00,年报,2008年报,058001001,2010-03-26 00:00:00,2010-03-26 00:00:00,CNY,129217938,-74.7553626296,129217938,-74.7553626296,,,,,,,,,,,110726535.24,-73.9194938867,74548991.82,-79.2308334967,,,,,,,,,,,,,,,,,,,14246300.02,-61.903778399,1130215.64,-73.3563945297,20919624.83,0.5506083756,,,580626.62,158.4025931252,,,,,-699223.69,-116.7777885155,,,,,,,,,,,,,,,,,,,,,,,,,,,18491402.76,-78.82006339,,,,,1273286.2,201707.810568358,,,,,,,17218116.56,-80.2785711653,6671386.7,-76.5944595322,,,,,,,10546729.86,-82.0643569142,,,,,,,10546729.86,-82.0643569142,,,11552152.81,-80.9561314683,,,,,0.0583,-82.0560172361,0.0583,-82.0560172361,,,,,,,,,,,,,,,,,,,,,,,,,,,,,,,,,,,,,,,,,,,,,,,,,,,10546729.86,,10546729.86,,,,,,0,,,,0,,,,标准无保留意见
000838.SZ,000838,财信发展,10005733,通用,2008-09-30 00:00:00,三季报,2008三季报,058001001,2009-10-20 00:00:00,2009-10-20 00:00:00,CNY,127646857,42.8580555372,127646857,42.8580555372,,,,,,,,,,,104778690.09,7.4390743158,74998494.43,-1.3064107898,,,,,,,,,,,,,,,,,,,14159890.57,4125.3850232816,777401.92,-79.4729080934,14861645.12,-9.5862623934,,,625387.77,225.1672012529,,,,,-644129.72,-143.7433350264,,,,,,,,,,,,,,,,,,,,,,,,,,,22868166.91,379.8496078772,,,,,201833.2,31889.2858274955,201833.2,,,,,,22666333.71,377.3937600998,6986137.93,3107.010263103,,,,,,,15680195.78,297.5122277563,,,,,,,15680195.78,297.5122277563,,,15831570.68,299.4031416968,,,,,0.0866,297.2665148064,0.0866,297.2665148064,,,,,,,,,,,,,,,,,,,,,,,,,,,,,,,,,,,,,,,,,,,,,,,,,,,15680195.78,,15680195.78,,,,,,0,,,,0,,,,
000838.SZ,000838,财信发展,10005733,通用,2008-06-30 00:00:00,中报,2008中报,058001001,2009-08-12 00:00:00,2009-08-12 00:00:00,CNY,115044677,56.104794029,115044677,56.104794029,,,,,,,,,,,93574499.83,20.5348731686,68939031.47,11.5745562296,,,,,,,,,,,,,,,,,,,12462053.14,5077.5620077089,671940.38,-78.4835006675,12164293.05,12.1327913662,,,635145.76,427.5835549946,,,,,-1297963.97,-171.0248021992,,,,,,,,,,,,,,,,,,,,,,,,,,,21470177.17,645.532310066,,,,,48395.95,7570.4520239642,48395.95,,,,,,21421781.22,644.24939271,6084420.6,1679.0786740523,,,,,,,15337360.62,458.5152859649,,,,,,,15337360.62,458.5152859649,,,15373657.58,976.9793403805,,,,,0.0847,458.8983050847,0.0847,458.8983050847,,,,,,,,,,,,,,,,,,,,,,,,,,,,,,,,,,,,,,,,,,,,,,,,,,,,,,,,,,,0,,,,0,,,,
000838.SZ,000838,财信发展,10005733,通用,2008-03-31 00:00:00,一季报,2008一季报,058001001,2009-04-22 00:00:00,2009-04-22 00:00:00,CNY,77110766.0,150.9330960735,77110766.0,150.9330960735,,,,,,,,,,,64895725.32,92.1022487729,51861727.51,105.5350027267,,,,,,,,,,,,,,,,,,,6581682.1,6646.1906576634,391938.81,-76.6799455247,6707075.58,0.1915754268,,,861636.01,1194.2599093946,,,,,-1508334.69,-1069.6862153946,,,,,,,,,,,,,,,,,,,,,,,,,,,12215040.68,500.197270551,,,,,41968.2,,,,,,,,12173072.48,498.822280526,421.37,-99.4715624155,,,,,,,12172651.11,488.6550305364,,,,,,,12172651.11,488.6550305364,,,12214619.31,,,,,,0.1345,488.7283236994,0.1345,488.7283236994,,,,,,,,,,,,,,,,,,,,,,,,,,,,,,,,,,,,,,,,,,,,,,,,,,,,,,,,,,,0.0,,,,0.0,,,,
000838.SZ,000838,财信发展,10005733,通用,2007-12-31 00:00:00,年报,2007年报,058001001,2009-04-08 00:00:00,2009-04-08 00:00:00,CNY,511862920.05,241.7693610996,511862920.05,241.7693610996,,,,,,,,,,,424556696.71,203.4754929615,358940700.91,175.2313958796,,,,,,,,,,,,,,,,,,,37395572.11,4843.7066064017,4241977.09,12.3577678921,20805070.37,337.0988759756,,,-994179.52,-492.4117063727,,,,,4167555.75,1057.0465398844,,,,,,,,,,,,,,,,,,,,,,,,,,,87306223.34,2307.5246050641,1046.0,-99.6424261203,,,630.94,-99.9121135619,,,,,,,87306638.4,2627.4691122692,28503450.75,2230.782589726,,,,,,,58803187.65,2872.7111793193,,,,,,,58803187.65,2872.7111793193,,,60660746.48,5037.0114520665,,,,,0.3249,1383.5616438356,0.3249,1383.5616438356,,,,,,,,,,,,,,,,,,,,,,,,,,,,,,,,,,,,,,,,,,,,,,,,,,,,,,,,,,,,,,,,,,,带解释性说明的无保留意见
000838.SZ,000838,财信发展,10005733,通用,2007-09-30 00:00:00,三季报,2007三季报,058001001,2008-10-17 00:00:00,2008-10-17 00:00:00,CNY,89352229.05,-19.1693517203,89352229.05,-19.1693517203,,,,,,,,,,,97523820.6,-8.9100309289,75991252.35,-19.8283805684,,,,,,,,,,,,,,,,,,,335114.8,211.4156631908,3787199.49,33.1895654613,16437375.02,76.2746548307,,,-499641.89,-33084.6702799765,,,,,1472520.83,,,,,,,,,,,,,,,,,,,,,,,,,,,,-8171591.55,-334.8611597947,1046.0,-99.6394272201,,,630.94,-98.9964176178,,,,,,,-8171176.49,-320.4521192116,-232328.37,-118.9940681403,,,,,,,-7938848.12,-419.6777267948,,,,,,,-7938848.12,-419.6777267948,,,-7939479.06,-392.9030969559,,,,,-0.0439,-215.2230971129,-0.0439,,,,,,,,,,,,,,,,,,,,,,,,,,,,,,,,,,,,,,,,,,,,,,,,,,,,,,,,,,,,,,,,,,,,
000838.SZ,000838,财信发展,10005733,通用,2007-06-30 00:00:00,中报,2007中报,058001001,2008-08-12 00:00:00,2008-08-12 00:00:00,CNY,73697081.32,2.0900608699,73697081.32,2.0900608699,,,,,,,,,,,77632719.37,11.3744028124,61787412.65,3.8249722138,,,,,,,,,,,,,,,,,,,240693.46,207.8550184737,3122907.54,11.4938647319,10848114.01,48.1994455921,,,-193888.17,-3159.4135387388,,,,,1827479.88,,,,,,,,,,,,,,,,,,,,,,,,,,,,-3935638.05,-258.4377841718,246.0,-99.6679893109,,,630.94,-97.7446500944,,,,,,,-3936022.99,-255.5650422713,341998.4,-59.0395687282,,,,,,,-4278021.39,-352.3611705642,,,,,,,-4278021.39,-352.3611705642,,,1427479.34,-13.4377941736,,,,,-0.0236,-190.7692307692,-0.0236,-190.7692307692,,,,,,,,,,,,,,,,,,,,,,,,,,,,,,,,,,,,,,,,,,,,,,,,,,,,,,,,,,,,,,,,,,,
000838.SZ,000838,财信发展,10005733,通用,2007-03-31 00:00:00,一季报,2007一季报,058001001,2008-04-21 00:00:00,2008-04-21 00:00:00,CNY,30729611.68,0.1684851625,30729611.68,0.1684851625,,,,,,,,,,,33781866.55,11.1625010373,25232552.52,-6.367720842,,,,,,,,,,,,,,,,,,,97561.46,179.8364719333,1680694.23,52.8282512181,6694251.04,189.8696052251,,,-78741.44,-2588.0633598471,,,,,155548.74,,,,,,,,,,,,,,,,,,,,,,,,,,,,-3052254.87,-1158.7096607029,,,,,,,,,,,,,-3052254.87,-818.0444487919,79738.84,-43.155754145,,,,,,,-3131993.71,-1199.7060422262,,,,,,,-3131993.71,-1199.7060422262,,,,,,,,,-0.0346,-886.3636363636,-0.0346,-886.3636363636,,,,,,,,,,,,,,,,,,,,,,,,,,,,,,,,,,,,,,,,,,,,,,,,,,,,,,,,,,,,,,,,,,,
000838.SZ,000838,财信发展,10005733,通用,2006-12-31 00:00:00,年报,2006年报,058001001,2008-04-09 00:00:00,2008-04-09 00:00:00,CNY,149768521.79,15.8403481357,149768521.79,15.8403481357,,,,,,,,,,,139898181.75,16.8511630257,130414155.61,26.3595258868,,,,,,,,,,,,,,,,,,,756427.82,36.3400938037,3775419.51,-4.1618081997,4759808.71,-59.1427594421,,,-167819.02,-145.2878013133,,,,,360189.12,,,,,,,,-6243950.38,,,,,,,,,,,,,,,,,,,,3626389.66,-62.0882263412,292526.96,8697.4328900437,,,717903.71,479.2382447276,,,,,,,3201012.91,-66.1079283132,1222913.32,-18.2749392894,,,,,,,1978099.59,-75.1130786278,,,,,,,1978099.59,-75.1130786278,,,1180856.75,-74.581467041,,,,,0.0219,-68.7142857143,0.0219,,,,,,,,,,,,,,,,,,,,,,,,,,,,,,,,,,,,,,,,,,,,,,,,,,,,,,,,,,,,,,,,,,,,标准无保留意见
000838.SZ,000838,财信发展,10005733,通用,2006-09-30 00:00:00,三季报,2006三季报,058001001,2007-10-20 00:00:00,2007-10-20 00:00:00,CNY,110542511.97,28.2876777602,110542511.97,28.2876777602,,,,,,,,,,,107063183.35,36.0236565294,94785727.03,37.8056425381,,,,,,,,,,,,,,,,,,,107610.13,21.4143736347,2843465.61,13.0272305588,9324865.81,27.1104367383,,,1514.77,111.3518808014,,,,,,,,,,,,,,,,,,,,,,,,,,,,,,,,,3479328.62,-53.3504465293,290094.0,,,,62868.78,13.0891900142,,,,,,,3706553.84,-49.9306982172,1223162.77,-26.886490709,,,,,,,2483391.07,-56.6589564336,,,,,,,2483391.07,-56.6589564336,,,2710616.29,-52.229866085,,,,,0.0381,,,,,,,,,,,,,,,,,,,,,,,,,,,,,,,,,,,,,,,,,,,,,,,,,,,,,,,,,,,,,,,,,,,,,,
000838.SZ,000838,财信发展,10005733,通用,2006-06-30 00:00:00,中报,2006中报,058001001,2007-08-07 00:00:00,2007-08-07 00:00:00,CNY,72188301.87,31.876449645,72188301.87,31.876449645,,,,,,,,,,,69704274.42,39.058865271,59511128.52,38.271874562,,,,,,,,,,,,,,,,,,,78184.03,-8.9508742036,2800968.06,69.7574178231,7319942.37,36.5778818301,,,-5948.56,32.953121196,,,,,,,,,,,,,,,,,,,,,,,,,,,,,,,,,2484027.45,-46.1587103902,74094.0,,,,27975.26,246.8255375281,,,,,,,2530146.19,-45.0630391474,834948.24,11.3480676719,,,,,,,1695197.95,-56.033865791,,,,,,,1695197.95,-56.033865791,,,1649079.21,-57.3192752108,,,,,0.026,,0.026,,,,,,,,,,,,,,,,,,,,,,,,,,,,,,,,,,,,,,,,,,,,,,,,,,,,,,,,,,,,,,,,,,,,
000838.SZ,000838,财信发展,10005733,通用,2006-03-31 00:00:00,一季报,2006一季报,058001001,2007-04-23 00:00:00,2007-04-23 00:00:00,CNY,30677923.93,28.7707027505,30677923.93,28.7707027505,,,,,,,,,,,30389624.41,47.5046067644,26948561.7,46.4046482861,,,,,,,,,,,,,,,,,,,34863.74,85.2085949669,1099727.45,23.3269981001,2309400.82,78.5634603325,,,-2929.3,64.5974383208,,,,,,,,,,,,,,,,,,,,,,,,,,,,,,,,,288299.52,-91.0499097353,137629.3,,,,850.0,-87.4373530355,,,,,,,425078.82,-86.7758990969,140276.01,,,,,,,,284802.81,-91.1398523763,,,,,,,284802.81,-91.1398523763,,,148023.51,-95.3853103127,,,,,0.0044,,0.0044,,,,,,,,,,,,,,,,,,,,,,,,,,,,,,,,,,,,,,,,,,,,,,,,,,,,,,,,,,,,,,,,,,,,
000838.SZ,000838,财信发展,10005733,通用,2005-12-31 00:00:00,年报,2005年报,058001001,2007-03-23 00:00:00,2007-03-23 00:00:00,CNY,129288735.92,19.607857189,129288735.92,19.607857189,,,,,,,,,,,119723396.95,17.5111207342,103208804.16,25.3226598611,,,,,,,,,,,,,,,,,,,554809.52,-35.2169745148,3939368.47,15.8323171094,11649853.6,-21.1024050204,,,370561.2,-26.6245565801,,,,,,,,,,,,,,,,,,,,,,,,,,,,,,,0.0,,9565338.97,54.0005127705,3325.14,-23.7424921051,,,123939.28,29.1760378204,,,,,0.0,,9444724.83,54.3343255732,1496374.93,,,,0.0,,,,7948349.9,29.8823674926,,,,,,,7948349.9,29.8823674926,,,4645652.65,-25.2056939647,,,,,0.07,-25.5319148936,,,,,,,,,,,,,,,,,,,,,,,,,,,,,,,,,,,,,,,,,,,,,,,,,,,,,,,,,,,,,,,,,,,,,标准无保留意见
000838.SZ,000838,财信发展,10005733,通用,2005-09-30 00:00:00,三季报,2005三季报,058001001,2006-10-20 00:00:00,2006-10-20 00:00:00,CNY,86167677.13,14.1055258992,86167677.13,14.1055258992,,,,,,,,,,,78709237.85,15.3386026842,68782181.4,12.5236699071,,,,,,,,,,,,,,,,,,,88630.47,-7.6530741423,2515735.01,4.2477039325,7336034.75,59.6286473401,,,-13343.78,-231.6155822636,,,,,,,,,,,,,,,,,,,,,,,,,,,,,,,0,,7458439.28,2.5371013007,,,,,55592.21,8075.325,,,,,0,,7402847.07,1.7547256366,1672964.11,,,,0,,,,5729882.96,-21.2407519686,,,,,,,5729882.96,-21.2407519686,,,5674290.75,-21.991008628,,,,,,,,,,,,,,,,,,,,,,,,,,,,,,,,,,,,,,,,,,,,,,,,,,,,,,,,,,,,,,,,,,,,,,,,,,,
000838.SZ,000838,财信发展,10005733,通用,2005-06-30 00:00:00,中报,2005中报,058001001,2006-08-17 00:00:00,2006-08-17 00:00:00,CNY,54739342.82,17.0522637627,54739342.82,17.0522637627,,,,,,,,,,,50125732.21,18.387913076,43039214.38,12.2075097341,,,,,,,,,,,,,,,,,,,85870.16,42.2890953764,1649982.72,-0.9210463976,5359537.19,138.1146394499,,,-8872.24,-227.6840337392,,,,,,,,,,,,,,,,,,,,,,,,,,,,,,,0,,4613610.61,4.271141201,,,,,8066.09,3933.045,,,,,0,,4605544.52,4.0714946699,749854.27,,,,0,,,,3855690.25,-12.872963108,,,,,,,3855690.25,-12.872963108,,,3863756.34,-12.6761408904,,,,,,,,,,,,,,,,,,,,,,,,,,,,,,,,,,,,,,,,,,,,,,,,,,,,,,,,,,,,,,,,,,,,,,,,,,,
000838.SZ,000838,财信发展,10005733,通用,2005-03-31 00:00:00,一季报,2005一季报,058001001,2006-04-21 00:00:00,2006-04-21 00:00:00,CNY,23823682.93,27.2832925473,23823682.93,27.2832925473,,,,,,,,,,,20602491.73,21.5715670919,18406903.07,22.6536524586,,,,,,,,,,,,,,,,,,,18824.04,166.4871591232,891716.71,4.2791102217,1293322.17,18.7153217657,,,-8274.26,31.2701743194,,,,,,,,,,,,,,,,,,,,,,,,,,,,,,,0,,3221191.2,81.9621827977,,,,,6766.09,3283.045,,,,,0,,3214425.11,81.6004893774,,,,,0,,,,3214425.11,81.6004893774,,,,,,,3214425.11,81.6004893774,,,3207659.02,81.1977621663,,,,,,,,,,,,,,,,,,,,,,,,,,,,,,,,,,,,,,,,,,,,,,,,,,,,,,,,,,,,,,,,,,,,,,,,,,,
000838.SZ,000838,财信发展,10005733,通用,2004-12-31 00:00:00,年报,2004年报,058001001,2006-04-04 00:00:00,2006-04-04 00:00:00,CNY,108093848.48,22.1214159389,108093848.48,22.1214159389,,,,,,,,,,,101882610.09,21.5584729017,82354463.49,23.0637643521,,,,,,,,,,,,,,,,,,,856411.87,59.9929244652,3400923.48,31.0726172975,14765790.52,17.3603189912,,,505020.73,-57.2723596071,,,,,,,,,,,,,,,,,,,,,,,,,,,,,,,0,-100.0,6211238.39,26.5413329016,4360.41,-73.1056533879,,,95946.03,79.7281319227,,,,,0,,6119652.77,25.6268100935,,,,,0,,,,6119652.77,25.6268100935,,,,,,,6119652.77,25.6268100935,,,6211238.39,92.4082798045,,,,,0.094,25.6684491979,,,,,,,,,,,,,,,,,,,,,,,,,,,,,,,,,,,,,,,,,,,,,,,,,,,,,,,,,,,,,,,,,,,,,标准无保留意见
000838.SZ,000838,财信发展,10005733,通用,2004-09-30 00:00:00,三季报,2004三季报,058001001,2005-10-21 00:00:00,2005-10-21 00:00:00,CNY,75515779.32,20.5000332091,75515779.32,20.5000332091,,,,,,,,,,,68241886.08,15.8422761141,61126855.76,23.8944852396,,,,,,,,,,,,,,,,,,,95975.55,-33.25597167,2413228.22,23.1985282267,4595688.1,-33.413150343,,,10138.45,-98.2121401686,,,,,,,,,,,,,,,,,,,,,,,,,,,,,,,0,-100.0,7273893.24,91.2899605866,1974.25,-87.8231258531,,,680.0,-90.7160644851,,,,,0,,7275187.49,90.8778113918,,,,,0,,,,7275187.49,90.8778113918,,,,,,,7275187.49,90.8778113918,,,7273893.24,91.2899605866,,,,,,,,,,,,,,,,,,,,,,,,,,,,,,,,,,,,,,,,,,,,,,,,,,,,,,,,,,,,,,,,,,,,,,,,,,,
000838.SZ,000838,财信发展,10005733,通用,2004-06-30 00:00:00,中报,2004中报,058001001,2005-08-18 00:00:00,2005-08-18 00:00:00,CNY,46764873.28,15.8614281741,46764873.28,15.8614281741,,,,,,,,,,,42340244.8,7.6157920553,38356803.82,19.872755755,,,,,,,,,,,,,,,,,,,60349.08,-46.3809380129,1665321.1,54.3941971287,2250822.21,-59.982594734,,,6948.59,-98.6894070568,,,,,,,,,,,,,,,,,,,,,,,,,,,,,,,0.0,-100.0,4424628.48,316.6133675347,937.5,-94.2176423894,,,200.0,-97.2639994309,,,,,0,,4425365.98,313.2187831837,,,,,0,,,,4425365.98,313.2187831837,,,,,,,4425365.98,313.2187831837,,,4424628.48,316.6133675347,,,,,,,,,,,,,,,,,,,,,,,,,,,,,,,,,,,,,,,,,,,,,,,,,,,,,,,,,,,,,,,,,,,,,,,,,,,未经审计
000838.SZ,000838,财信发展,10005733,通用,2004-03-31 00:00:00,一季报,2004一季报,058001001,2005-04-26 00:00:00,2005-04-26 00:00:00,CNY,18717054.26,-7.5974372881,18717054.26,-7.5974372881,,,,,,,,,,,16946801.15,-13.9900730651,15007219.68,-10.3865890857,,,,,,,,,,,,,,,,,,,7063.77,-89.175219579,855124.97,359.6807959239,1089431.55,-54.3962774877,,,-12038.82,-103.8037921648,,,,,,,,,,,,,,,,,,,,,,,,,,,,,,,0.0,100.0,1770253.11,239.2824378308,,,,,200.0,-93.3553492761,,,,,0,,1770053.11,241.2124855117,,,,,0,,,,1770053.11,241.2124855117,,,,,,,1770053.11,241.2124855117,,,1770253.11,239.2824378308,,,,,,,,,,,,,,,,,,,,,,,,,,,,,,,,,,,,,,,,,,,,,,,,,,,,,,,,,,,,,,,,,,,,,,,,,,,
000838.SZ,000838,财信发展,10005733,通用,2003-12-31 00:00:00,年报,2003年报,058001001,2005-04-26 00:00:00,2005-04-26 00:00:00,CNY,88513425.47,-14.8091131016,88513425.47,-14.8091131016,,,,,,,,,,,83813664.04,-17.0640387289,66920156.33,-24.349237963,,,,,,,,,,,,,,,,,,,535281.09,72.6457900548,2594686.48,24.5121684802,12581586.9,39.8396400351,,,1181953.24,-2.1464576606,,,,,,,,,,,,,,,,,,,,,,,,,,,,,,,208704.64,21.7241093122,4908466.07,37.7514327265,16213.11,2.5824820705,,,53383.98,-83.4005156029,,,,,0,-100.0,4871295.2,-37.2052046973,,,,,0,,,,4871295.2,-37.2052046973,,,,,,,4871295.2,-37.2052046973,,,3228155.46,7.1310311264,,,,,0.0748,-37.1428571429,,,,,,,,,,,,,,,,,,,,,,,,,,,,,,,,,,,,,,,,,,,,,,,,,,,,,,,,,,,,,,,,,,,,,标准无保留意见
000838.SZ,000838,财信发展,10005733,通用,2003-09-30 00:00:00,三季报,2003三季报,058001001,2004-10-30 00:00:00,2004-10-30 00:00:00,CNY,62668679.26,-11.5813780687,62668679.26,-11.5813780687,,,,,,,,,,,58909310.46,-20.8279730947,49337834.24,-21.4457329992,,,,,,,,,,,,,,,,,,,143796.46,-16.0340688183,1958812.54,55.7854775493,6901795.36,-16.4808929397,,,567071.86,-70.2641502999,,,,,,,,,,,,,,,,,,,,,,,,,,,,,,,43179.55,115.040625089,3802548.35,216.4080455651,16213.11,,,,7324.48,-97.2824760764,,,,,0,-100.0,3811436.98,202.9162250605,,,,,0,,,,3811436.98,202.9162250605,,,,,,,3811436.98,202.9162250605,,,3802548.35,199.6326548148,,,,,,,,,,,,,,,,,,,,,,,,,,,,,,,,,,,,,,,,,,,,,,,,,,,,,,,,,,,,,,,,,,,,,,,,,,,
000838.SZ,000838,财信发展,10005733,通用,2003-06-30 00:00:00,中报,2003中报,058001001,2004-08-17 00:00:00,2004-08-17 00:00:00,CNY,40362762.67,-9.3248850599,40362762.67,-9.3248850599,,,,,,,,,,,39343895.53,-17.5064969116,31997932.79,-19.9121379244,,,,,,,,,,,,,,,,,,,112551.54,-4.1463890723,1078616.38,35.1576583375,5624608.08,6.3539678694,,,530186.74,-65.4770843761,,,,,,,,,,,,,,,,,,,,,,,,,,,,,,,43179.55,132.414049888,1062046.69,138.4390974858,16213.11,,,,7309.94,-90.5877175272,,,,,0,-100.0,1070949.86,-35.4617256888,,,,,0,,,,1070949.86,-35.4617256888,,,,,,,1070949.86,-35.4617256888,,,1062046.69,132.0575918477,,,,,0.016,,,,,,,,,,,,,,,,,,,,,,,,,,,,,,,,,,,,,,,,,,,,,,,,,,,,,,,,,,,,,,,,,,,,,,未经审计
000838.SZ,000838,财信发展,10005733,通用,2003-03-31 00:00:00,一季报,2003一季报,058001001,2004-04-21 00:00:00,2004-04-21 00:00:00,CNY,20255990.43,-5.8202472599,20255990.43,-5.8202472599,,,,,,,,,,,19703308.39,-5.0805710959,16746622.55,-3.6320577713,,,,,,,,,,,,,,,,,,,65255.55,,186025.82,-35.1647447773,2388909.26,5.0839801134,,,316495.21,-61.3974436891,,,,,,,,,,,,,,,,,,,,,,,,,,,,,,,-30918.19,-367.720785164,521763.85,-31.4745644012,,,,,3009.94,,,,,,0.0,,518753.91,-31.8698724503,,,,,0,,,,518753.91,-31.8698724503,,,,,,,518753.91,-31.8698724503,,,521763.85,,,,,,,,,,,,,,,,,,,,,,,,,,,,,,,,,,,,,,,,,,,,,,,,,,,,,,,,,,,,,,,,,,,,,,,,,,,,
000838.SZ,000838,财信发展,10005733,通用,2002-12-31 00:00:00,年报,2002年报,058001001,2004-04-21 00:00:00,2004-04-21 00:00:00,CNY,103900110.32,73.332937692,103900110.32,73.332937692,,,,,,,,,,,101058289.74,39.0922598273,88459328.8,66.6256208102,,,,,,,,,,,,,,,,,,,310045.84,325.0257068263,2083881.85,15.276037345,8997153.38,-5.5134139123,,,1207879.87,-85.2049500053,,,,,,,,,,,,,550000.0,,,,,,,,,,,,,,,,,,171457.11,285.8693647846,3563277.69,127.8265436329,15804.95,-40.3266357746,,,321600.23,-41.4981342084,,,,,4500000.0,-70.0,7757482.41,364.1196280133,,,,,0,,,,7757482.41,364.1196280133,,,,,,,7757482.41,364.1196280133,,,3013277.69,122.607676698,,,,,0.119,357.6923076923,,,,,,,,,,,,,,,,,,,,,,,,,,,,,,,,,,,,,,,,,,,,,,,,,,,,,,,,,,,,,,,,,,,,,标准无保留意见
000838.SZ,000838,财信发展,10005733,通用,2002-09-30 00:00:00,三季报,2002三季报,058001001,2003-10-28 00:00:00,2003-10-28 00:00:00,CNY,70877240.44,78.802321998,70877240.44,78.802321998,,,,,,,,,,,74406722.63,,62807325.59,,,,,,,,,,,,,,,,,,,,171255.72,,1257378.14,,8263732.22,,,,1907030.96,,,,,,,,,,,,,,550000.0,,,,,,,,,,,,,,,,,,-287086.14,,-3266568.33,,,,,,269527.71,,,,,,4794343.92,,1258247.88,,,,,,0,100.0,,,1258247.88,109.822387822,,,,,,,1258247.88,109.822387822,,,-3816568.33,,,,,,,,,,,,,,,,,,,,,,,,,,,,,,,,,,,,,,,,,,,,,,,,,,,,,,,,,,,,,,,,,,,,,,,,,,,,
000838.SZ,000838,财信发展,10005733,通用,2002-06-30 00:00:00,中报,2002中报,058001001,2003-08-29 00:00:00,2003-08-29 00:00:00,CNY,44513605.19,162.1474485565,44513605.19,162.1474485565,,,,,,,,,,,47693326.21,66.1556861553,39953535.98,147.3799813095,,,,,,,,,,,,,,,,,,,117420.24,,798043.11,150.5781464392,5288573.8,-32.4039445304,,,1535753.08,-65.1839793859,,,,,,,,,,,,,550000.0,,,,,,,,,,,,,,,,,,-133212.45,-176.1288084206,-2762933.47,76.0756943738,,,,,77663.84,-31.1094048487,,,,,4500000.0,,1659402.69,114.238380591,,,,,0,,,,1659402.69,114.238380591,,,,,,,1659402.69,114.238380591,,,-3312933.47,71.5736223024,,,,,,,,,,,,,,,,,,,,,,,,,,,,,,,,,,,,,,,,,,,,,,,,,,,,,,,,,,,,,,,,,,,,,,,,,,,带解释性说明的无保留意见
000838.SZ,000838,财信发展,10005733,通用,2002-03-31 00:00:00,一季报,2002一季报,058001001,2002-04-30 00:00:00,2002-04-30 00:00:00,CNY,21507797.42,192.9938210252,21507797.42,192.9938210252,,,,,,,,,,,20757929.77,,17377794.07,,,,,,,,,,,,,,,,,,,,,,286920.78,,2273333.44,,,,819881.48,,,,,,0.0,,,,,,,,,,,,,,,,,,,,,,,,,,11548.67,,761416.32,,,,,,,,,,,,0.0,,761416.32,,,,,,0,100.0,,,761416.32,130.988413984,,,,,,,761416.32,130.988413984,,,,,,,,,,,,,,,,,,,,,,,,,,,,,,,,,,,,,,,,,,,,,,,,,,,,,,,,,,,,,,,,,,,,,,,,,,,,,,,
000838.SZ,000838,财信发展,10005733,通用,2001-12-31 00:00:00,年报,2001年报,058001001,2003-03-26 00:00:00,2003-03-26 00:00:00,CNY,59942508.16,48.5081231625,59942508.16,48.5081231625,,,,,,,,,,,72655581.17,-4.3381178052,53088671.7,31.7520130243,,,,,,,,,,,,,,,,,,,72947.55,-37.452433958,1807732.03,-38.5437380668,9522148.86,-57.9846210789,,,8164081.03,-17.8201080996,,,,,,,,,,,,,,,,,,,,,,,,,,,,,,,-92246.03,-167.530001627,-12805319.04,64.0893542081,26485.77,562.14425,,,549726.45,-67.4215931867,,,,,15000000.0,,1671440.28,104.4760051445,,,,,0,,,,1671440.28,104.4760051445,,,,,,,1671440.28,104.4760051445,,,-13328559.72,59.6192736338,,,,,0.026,105.1282051282,,,,,,,,,,,,,,,,,,,,,,,,,,,,,,,,,,,,,,,,,,,,,,,,,,,,,,,,,,,,,,,,,,,,,带解释性说明的无保留意见
000838.SZ,000838,财信发展,10005733,通用,2001-09-30 00:00:00,三季报,2001三季报,058001001,2001-10-23 00:00:00,2001-10-23 00:00:00,CNY,39640000.0,,39640000.0,,,,,,,,,,,,0.0,,,,,,,,,,,,,,,,,,,,,,,,,,,,,,,,,,,,0.0,,,,,,,,,,,,,,,,,,,,,,,,,,,,,,,,,,,,,,,,,,,,,,,,-12810000,,,,-12810000.0,,,,,,,,-12810000.0,,,,,,,,,,,,,,,,,,,,,,,,,,,,,,,,,,,,,,,,,,,,,,,,,,,,,,,,,,,,,,,,,,,,,,,,,,,,,,,,
000838.SZ,000838,财信发展,10005733,通用,2001-06-30 00:00:00,中报,2001中报,058001001,2002-08-08 00:00:00,2002-08-08 00:00:00,CNY,16980369.42,-15.2379036435,16980369.42,-15.2379036435,,,,,,,,,,,28703998.83,4.7363520076,16150674.67,-6.6007934449,,,,,,,,,,,,,,,,,,,,,318480.73,-64.3768084338,7823790.55,20.8315359341,,,4411052.88,66.3167187676,,,,,,,,,,,,,,,,,,,,,,,,,,,,,,,174982.97,-66.5507361647,-11548646.44,-68.5970228431,6947.33,,,,112735.04,359.2578711561,,,,,0.0,,-11654434.15,-69.533858578,,,,,0,,,,-11654434.15,-69.533858578,,,,,,,-11654434.15,-69.533858578,,,-11654434.15,-69.5338378622,,,,,-0.179,,,,,,,,,,,,,,,,,,,,,,,,,,,,,,,,,,,,,,,,,,,,,,,,,,,,,,,,,,,,,,,,,,,,,,
000838.SZ,000838,财信发展,10005733,通用,2001-03-31 00:00:00,一季报,2001一季报,058001001,2001-04-30 00:00:00,2001-04-30 00:00:00,CNY,7340700.0,,7340700.0,,,,,,,,,,,,0.0,,,,,,,,,,,,,,,,,,,,,,,,,,,,,,,,,,,,0.0,,,,,,,,,,,,,,,,,,,,,,,,,,,,,,,,,,,,,,,,,,,,,,,,-2457100,,,,-2457100.0,,,,,,,,-2457100.0,,,,,,,,,,,,,,,,,,,,,,,,,,,,,,,,,,,,,,,,,,,,,,,,,,,,,,,,,,,,,,,,,,,,,,,,,,,,,,,,
000838.SZ,000838,财信发展,10005733,通用,2000-12-31 00:00:00,年报,2000年报,058001001,2002-04-27 00:00:00,2002-04-27 00:00:00,CNY,40363117.44,-50.9897477684,40363117.44,-50.9897477684,,,,,,,,,,,75950398.95,-21.427434477,40294391.32,-43.2402539357,,,,,,,,,,,,,,,,,,,116627.32,-78.89378869,2941493.63,235.3743035025,22663484.43,34.5623221336,,,9934402.25,34.2562447563,,,,,,,,,,,,,-37075.95,,,,,,,,,,,,,,,,,,-34480.63,-100.6106323743,-35658838.09,-311.7858327762,4000.0,-93.9555226199,,,1687395.13,211.4284417081,,,,,0.0,,-37342233.22,-308.7726889907,,,,,0,,,,-37342233.22,-308.7726889907,,,,,,,-37342233.22,-308.7726889907,,,-33007231.22,-274.8305479299,,,,,-0.507,-275.5555555556,,,,,,,,,,,,,,,,,,,,,,,,,,,,,,,,,,,,,,,,,,,,,,,,,,,,,,,,,,,,,,,,,,,,,标准无保留意见
000838.SZ,000838,财信发展,10005733,通用,2000-06-30 00:00:00,中报,2000中报,058001001,2001-08-11 00:00:00,2001-08-11 00:00:00,CNY,20032974.82,-52.165629617,20032974.82,-52.165629617,,,,,,,,,,,27405956.27,-36.8935782891,17292089.8,-47.9181567263,,,,,,,,,,,,,,,,,,,92682.11,-82.8077996944,894026.38,51.7465066235,6474957.46,-4.250342928,,,2652200.52,13.5475653492,,,,,,,,,,,,,,,,,,,,,,,,,,,,,,,523129.51,-90.8530300817,-6849851.94,-264.2305984872,,,,,24547.22,2641.0523259709,,,,,0,,-6874399.16,-263.7795953409,,,,,0,,,,-6874399.16,-292.6818767366,,,,,,,-6874399.16,-292.6818767366,,,-6874400.0,,,,,,,,,,,,,,,,,,,,,,,,,,,,,,,,,,,,,,,,,,,,,,,,,,,,,,,,,,,,,,,,,,,,,,,,,,,,
000838.SZ,000838,财信发展,10005733,通用,1999-12-31 00:00:00,年报,1999年报,058001001,2001-02-16 00:00:00,2001-02-16 00:00:00,CNY,82356477.68,3.7504581254,82356477.68,3.7504581254,,,,,,,,,,,96662745.38,11.9337952106,70991140.93,15.9009377441,,,,,,,,,,,,,,,,,,,552573.45,678.073124646,877077.82,-49.1163577683,16842370.19,-8.7211218346,,,7399582.99,52.2786582293,,,,,,,,,,,,,,,,,,,,,,,,,,,,,,,5646708.47,262.0007437386,-8659559.23,17.1475889097,66176.11,-98.8580827296,,,541824.35,-47.4823126672,,,,,0,-100.0,-9135207.47,-434.4162513074,,,,,0,,,,-9135207.47,-1418.0596181979,,,,,,,-9135207.47,-1418.0596181979,,,-8805907.47,,,,,,-0.135,-176.2711864407,,,,,,,,,,,,,,,,,,,,,,,,,,,,,,,,,,,,,,,,,,,,,,,,,,,,,,,,,,,,,,,,,,,,,带解释性说明的无保留意见
000838.SZ,000838,财信发展,10005733,通用,1999-06-30 00:00:00,中报,1999中报,058001001,2000-08-11 00:00:00,2000-08-11 00:00:00,CNY,41879875.62,49.6198591269,41879875.62,49.6198591269,,,,,,,,,,,43428157.59,70.8923930606,33201762.29,73.4478364338,,,,,,,,,,,,,,,,,,,539093.94,1116.8347629967,589157.8,38.0019304321,6762381.88,84.427535766,,,2335761.68,9.53435174,,,,,,,,,,,,,,,,,,,,,,,,,,,,,,,5719156.34,820.3323932811,4170874.37,29.8851683368,27368.92,-91.2004709557,,,895.54,-95.3186617878,,,,,0,-100.0,4197347.75,7.1364846929,629602.16,7.4518929149,,,0,,,,3567745.59,7.0810165333,,,,,,,3567745.59,7.0810165333,,,,,,,,,,,,,,,,,,,,,,,,,,,,,,,,,,,,,,,,,,,,,,,,,,,,,,,,,,,,,,,,,,,,,,,,,,,,,,,
000838.SZ,000838,财信发展,10005733,通用,1998-12-31 00:00:00,年报,1998年报,058001001,2000-04-27 00:00:00,2000-04-27 00:00:00,CNY,79379387.01,-8.1218508202,79379387.01,-8.1218508202,,,,,,,,,,,86357069.55,12.5453977696,61251567.34,6.4437648487,,,,,,,,,,,,,,,,,,,71018.19,-84.645451366,1723693.08,48.4468310096,18451552.57,69.6201469327,,,4859238.37,-27.3161842805,,,,,,,,,,,,,11500.0,-94.7505687074,,,,,,,,,,,,,,,,,-3485606.51,-2004.5327477828,-10451789.05,-203.8162672561,5795175.51,110.542252861,,,1031698.8,263.6254311823,,,,,8420000,,2731687.66,-78.2098774182,2038607.67,39.3599298929,,,0,,,,693079.99,-93.7411056464,,,,,,,693079.99,-93.7411056464,,,,,,,,,0.177,,,,,,,,,,,,,,,,,,,,,,,,,,,,,,,,,,,,,,,,,,,,,,,,,,,,,,,,,,,,,,,,,,,,,,
000838.SZ,000838,财信发展,10005733,通用,1998-06-30 00:00:00,中报,1998中报,058001001,1998-08-15 00:00:00,1998-08-15 00:00:00,CNY,27990853.53,-35.6050010265,27990853.53,-35.6050010265,,,,,,,,,,,25412575.02,,19142217.61,,,,,,,,,,,,,,,,,,,,44302.97,,426919.97,,3666687.76,,,,2132446.71,,,,,,0,,,,,,,,11500.0,,,,,,,,,,,,,,,,,,621422.91,,3211201.42,,311027.1,,,,19130.0,,,,,,414659.06,-94.6155927083,3917757.58,-49.1273566267,585938.64,-49.2766855363,,,0,,,,3331818.94,-49.1010044662,,,,,,,3331818.94,-49.1010044662,,,,,,,,,,,,,,,,,,,,,,,,,,,,,,,,,,,,,,,,,,,,,,,,,,,,,,,,,,,,,,,,,,,,,,,,,,,,,,,
000838.SZ,000838,财信发展,10005733,通用,1997-12-31 00:00:00,年报,1997年报,058001001,1998-04-10 00:00:00,1998-04-10 00:00:00,CNY,86396371.41,6.6254260727,86396371.41,6.6254260727,,,,,,,,,,,76730875.95,6.0969379045,57543593.49,6.6553063246,,,,,,,,,,,,,,,,,,,462522.16,113.2108813195,1161151.82,-24.9726555917,10878160.94,6.3609656041,,,6685447.54,4.8457930623,,,,,0,,,,,,,,219071.35,-67.0972089077,,,,,,,,,,,,,,,,,183016.36,-73.979672064,10067583.17,-0.0797542075,2752500.0,126.6467734615,,,283725.7,-6.5315853611,,,,,0.0,100.0,12536357.47,16.6565640552,1462836.32,-3.0123549631,,,0,,,,11073521.15,19.8678333634,,,,,,,11073521.15,19.8678333634,,,,,,,,,,,,,,,,,,,,,,,,,,,,,,,,,,,,,,,,,,,,,,,,,,,,,,,,,,,,,,,,,,,,,,,,,,,,,,,
000838.SZ,000838,财信发展,10005733,通用,1997-06-30 00:00:00,中报,1997中报,058001001,1997-08-06 00:00:00,1997-08-06 00:00:00,CNY,43467433.77,,43467433.77,,,,,,,,,,,,0.0,,,,,,,,,,,,,,,,,,,,,,,,,,,,,,,,,,,,0.0,,,,,,,,,,,,,,,,,,,,,,,,,,,,,,,,,,,,,,,,7701108.73,,7701108.73,,1155166.31,,,,0,,,,6545942.42,,,,,,,,6545942.42,,,,,,,,,,,,,,,,,,,,,,,,,,,,,,,,,,,,,,,,,,,,,,,,,,,,,,,,,,,,,,,,,,,,,,,,,,,,,,,,
000838.SZ,000838,财信发展,10005733,通用,1996-12-31 00:00:00,年报,1996年报,058001001,1997-03-25 00:00:00,1997-03-25 00:00:00,CNY,81027926.07,-3.5759548558,81027926.07,-3.5759548558,,,,,,,,,,,72321480.21,-3.659341375,53952865.05,-6.2808534851,,,,,,,,,0.0,,0.0,,,,,,,,216931.78,20.5125404677,1547638.17,-15.6321840822,10227587.61,7.6646497648,,,6376457.6,6.5239706071,,,,,,,,,,,,,665813.88,1655.5554207906,,,,,,,,,,,,,,,,,703359.16,-5.5443540197,10075618.9,3.3716657033,1214444.82,56.8926971974,,,303552.49,-47.2514512857,,,,,-240131.4,,10746379.83,8.0518902702,1508270.79,1.4886635782,,,0,,,,9238109.04,9.2049141163,,,,,,,9238109.04,9.2049141163,,,,,,,,,,,,,,,,,,,,,,,,,,,,,,,,,,,,,,,,,,,,,,,,,,,,,,,,,,,,,,,,,,,,,,,,,,,,,,,
000838.SZ,000838,财信发展,10005733,通用,1995-12-31 00:00:00,年报,1995年报,058001001,1997-03-25 00:00:00,1997-03-25 00:00:00,CNY,84032904.81,12.458741971,84032904.81,12.458741971,,,,,,,,,,,75068492.62,7.9841827859,57568668.79,4.2628845231,,,,,,,,,0,,0,,,,,,,,180007.64,48.0671801638,1834394.02,36.9236328714,9499485.33,9.8770054137,,,5985936.84,42.6490055421,,,,,,,,,,,,,37926.11,-97.8950077467,,,,,,,,,,,,,,,,,744644.91,-2.0068087343,9746983.21,25.4940126281,774060.77,-33.5869942244,,,575470.79,836.1631079004,,,,,0,,9945573.19,12.1140127146,1486147.06,15.6189574699,,,0,,,,8459426.13,11.520095185,,,,,,,8459426.13,11.520095185,,,,,,,,,,,,,,,,,,,,,,,,,,,,,,,,,,,,,,,,,,,,,,,,,,,,,,,,,,,,,,,,,,,,,,,,,,,,,,,
