SECUCODE,SECURITY_CODE,SECURITY_NAME_ABBR,ORG_CODE,ORG_TYPE,REPORT_DATE,REPORT_TYPE,REPORT_DATE_NAME,SECURITY_TYPE_CODE,NOTICE_DATE,UPDATE_DATE,CURRENCY,TOTAL_OPERATE_INCOME,TOTAL_OPERATE_INCOME_YOY,OPERATE_INCOME,OPERATE_INCOME_YOY,INTEREST_INCOME,INTEREST_INCOME_YOY,EARNED_PREMIUM,EARNED_PREMIUM_YOY,FEE_COMMISSION_INCOME,FEE_COMMISSION_INCOME_YOY,OTHER_BUSINESS_INCOME,OTHER_BUSINESS_INCOME_YOY,TOI_OTHER,TOI_OTHER_YOY,TOTAL_OPERATE_COST,TOTAL_OPERATE_COST_YOY,OPERATE_COST,OPERATE_COST_YOY,INTEREST_EXPENSE,INTEREST_EXPENSE_YOY,FEE_COMMISSION_EXPENSE,FEE_COMMISSION_EXPENSE_YOY,RESEARCH_EXPENSE,RESEARCH_EXPENSE_YOY,SURRENDER_VALUE,SURRENDER_VALUE_YOY,NET_COMPENSATE_EXPENSE,NET_COMPENSATE_EXPENSE_YOY,NET_CONTRACT_RESERVE,NET_CONTRACT_RESERVE_YOY,POLICY_BONUS_EXPENSE,POLICY_BONUS_EXPENSE_YOY,REINSURE_EXPENSE,REINSURE_EXPENSE_YOY,OTHER_BUSINESS_COST,OTHER_BUSINESS_COST_YOY,OPERATE_TAX_ADD,OPERATE_TAX_ADD_YOY,SALE_EXPENSE,SALE_EXPENSE_YOY,MANAGE_EXPENSE,MANAGE_EXPENSE_YOY,ME_RESEARCH_EXPENSE,ME_RESEARCH_EXPENSE_YOY,FINANCE_EXPENSE,FINANCE_EXPENSE_YOY,FE_INTEREST_EXPENSE,FE_INTEREST_EXPENSE_YOY,FE_INTEREST_INCOME,FE_INTEREST_INCOME_YOY,ASSET_IMPAIRMENT_LOSS,ASSET_IMPAIRMENT_LOSS_YOY,CREDIT_IMPAIRMENT_LOSS,CREDIT_IMPAIRMENT_LOSS_YOY,TOC_OTHER,TOC_OTHER_YOY,FAIRVALUE_CHANGE_INCOME,FAIRVALUE_CHANGE_INCOME_YOY,INVEST_INCOME,INVEST_INCOME_YOY,INVEST_JOINT_INCOME,INVEST_JOINT_INCOME_YOY,NET_EXPOSURE_INCOME,NET_EXPOSURE_INCOME_YOY,EXCHANGE_INCOME,EXCHANGE_INCOME_YOY,ASSET_DISPOSAL_INCOME,ASSET_DISPOSAL_INCOME_YOY,ASSET_IMPAIRMENT_INCOME,ASSET_IMPAIRMENT_INCOME_YOY,CREDIT_IMPAIRMENT_INCOME,CREDIT_IMPAIRMENT_INCOME_YOY,OTHER_INCOME,OTHER_INCOME_YOY,OPERATE_PROFIT_OTHER,OPERATE_PROFIT_OTHER_YOY,OPERATE_PROFIT_BALANCE,OPERATE_PROFIT_BALANCE_YOY,OPERATE_PROFIT,OPERATE_PROFIT_YOY,NONBUSINESS_INCOME,NONBUSINESS_INCOME_YOY,NONCURRENT_DISPOSAL_INCOME,NONCURRENT_DISPOSAL_INCOME_YOY,NONBUSINESS_EXPENSE,NONBUSINESS_EXPENSE_YOY,NONCURRENT_DISPOSAL_LOSS,NONCURRENT_DISPOSAL_LOSS_YOY,EFFECT_TP_OTHER,EFFECT_TP_OTHER_YOY,TOTAL_PROFIT_BALANCE,TOTAL_PROFIT_BALANCE_YOY,TOTAL_PROFIT,TOTAL_PROFIT_YOY,INCOME_TAX,INCOME_TAX_YOY,EFFECT_NETPROFIT_OTHER,EFFECT_NETPROFIT_OTHER_YOY,EFFECT_NETPROFIT_BALANCE,EFFECT_NETPROFIT_BALANCE_YOY,UNCONFIRM_INVEST_LOSS,UNCONFIRM_INVEST_LOSS_YOY,NETPROFIT,NETPROFIT_YOY,PRECOMBINE_PROFIT,PRECOMBINE_PROFIT_YOY,CONTINUED_NETPROFIT,CONTINUED_NETPROFIT_YOY,DISCONTINUED_NETPROFIT,DISCONTINUED_NETPROFIT_YOY,PARENT_NETPROFIT,PARENT_NETPROFIT_YOY,MINORITY_INTEREST,MINORITY_INTEREST_YOY,DEDUCT_PARENT_NETPROFIT,DEDUCT_PARENT_NETPROFIT_YOY,NETPROFIT_OTHER,NETPROFIT_OTHER_YOY,NETPROFIT_BALANCE,NETPROFIT_BALANCE_YOY,BASIC_EPS,BASIC_EPS_YOY,DILUTED_EPS,DILUTED_EPS_YOY,OTHER_COMPRE_INCOME,OTHER_COMPRE_INCOME_YOY,PARENT_OCI,PARENT_OCI_YOY,MINORITY_OCI,MINORITY_OCI_YOY,PARENT_OCI_OTHER,PARENT_OCI_OTHER_YOY,PARENT_OCI_BALANCE,PARENT_OCI_BALANCE_YOY,UNABLE_OCI,UNABLE_OCI_YOY,CREDITRISK_FAIRVALUE_CHANGE,CREDITRISK_FAIRVALUE_CHANGE_YOY,OTHERRIGHT_FAIRVALUE_CHANGE,OTHERRIGHT_FAIRVALUE_CHANGE_YOY,SETUP_PROFIT_CHANGE,SETUP_PROFIT_CHANGE_YOY,RIGHTLAW_UNABLE_OCI,RIGHTLAW_UNABLE_OCI_YOY,UNABLE_OCI_OTHER,UNABLE_OCI_OTHER_YOY,UNABLE_OCI_BALANCE,UNABLE_OCI_BALANCE_YOY,ABLE_OCI,ABLE_OCI_YOY,RIGHTLAW_ABLE_OCI,RIGHTLAW_ABLE_OCI_YOY,AFA_FAIRVALUE_CHANGE,AFA_FAIRVALUE_CHANGE_YOY,HMI_AFA,HMI_AFA_YOY,CASHFLOW_HEDGE_VALID,CASHFLOW_HEDGE_VALID_YOY,CREDITOR_FAIRVALUE_CHANGE,CREDITOR_FAIRVALUE_CHANGE_YOY,CREDITOR_IMPAIRMENT_RESERVE,CREDITOR_IMPAIRMENT_RESERVE_YOY,FINANCE_OCI_AMT,FINANCE_OCI_AMT_YOY,CONVERT_DIFF,CONVERT_DIFF_YOY,ABLE_OCI_OTHER,ABLE_OCI_OTHER_YOY,ABLE_OCI_BALANCE,ABLE_OCI_BALANCE_YOY,OCI_OTHER,OCI_OTHER_YOY,OCI_BALANCE,OCI_BALANCE_YOY,TOTAL_COMPRE_INCOME,TOTAL_COMPRE_INCOME_YOY,PARENT_TCI,PARENT_TCI_YOY,MINORITY_TCI,MINORITY_TCI_YOY,PRECOMBINE_TCI,PRECOMBINE_TCI_YOY,EFFECT_TCI_BALANCE,EFFECT_TCI_BALANCE_YOY,TCI_OTHER,TCI_OTHER_YOY,TCI_BALANCE,TCI_BALANCE_YOY,ACF_END_INCOME,ACF_END_INCOME_YOY,OPINION_TYPE
002043.SZ,002043,兔宝宝,10007291,通用,2023-03-31 00:00:00,一季报,2023一季报,058001001,2023-04-28 00:00:00,2023-04-28 00:00:00,CNY,1111734656.89,-31.6511614587,1111734656.89,-31.6511614587,,,,,,,,,,,1013368914.59,-33.2598140784,858841118.95,-35.203470365,,,,,14282350.88,-13.1361392558,,,,,,,,,,,,,5746767.23,5.5438720717,55172216.93,-18.5564728455,76373838.66,-20.8843601697,,,2952621.94,-56.3954111354,3195091.84,-67.3538645493,1359113.85,23.542963939,,,,,,,2067390.0,,6673557.77,-41.9620029762,220450.92,1300.8579861916,,,,,1601.25,133.62515382,209535.95,-49.1226436535,-1450456.41,38.5577407418,3417907.52,-39.481538334,,,0,,109285278.38,-11.4191512163,4127572.63,26.5923847177,,,554868.2,-16.1258801241,,,,,0,,112857982.81,-10.410588028,38236930.07,35.0930227995,,,,,,,74621052.74,-23.5974753614,,,75900250.19,-23.7326674584,-1279197.45,30.8684808164,74532065.5,-21.4650656618,88987.24,-96.7819287941,58100032.37,-24.8951492367,,,,,0.1,-23.0769230769,0.1,-23.0769230769,-1526246.91,-253.4399672461,-1290483.86,-255.6840272502,-235763.05,-241.6417109339,,,,,0.0,,,,,,,,,,,,,,-1290483.86,-255.6840272502,,,,,,,,,,,,,,,-1290483.86,-255.6840272502,,,,,,,,,73094805.83,-24.8277961852,73241581.64,-22.528681774,-146775.81,-105.4437494365,,,,,,,,,5225587.57,,
002043.SZ,002043,兔宝宝,10007291,通用,2022-12-31 00:00:00,年报,2022年报,058001001,2023-04-28 00:00:00,2023-04-28 00:00:00,CNY,8917387348.25,-5.3950980453,8917387348.25,-5.3950980453,,,,,,,,,,,8089133304.47,-5.4509810878,7296408934.9,-5.9390926862,,,,,70943240.19,0.4089347406,,,,,,,,,,,,,34628506.21,4.4770158403,327973926.93,1.6012641511,341390380.33,2.6519977625,,,17788315.91,-54.6286775862,26200665.84,-35.8468761321,6327105.62,0.7505207283,,,,,,,6880995.14,-94.9657932742,31385087.49,-31.5767257992,2956386.9,11.4387796662,,,,,-272966.29,-31.6724333934,-133696487.56,-522.410294012,-205867666.51,-85.8594111592,75081972.09,219.1465470592,,,0,,601764978.14,-36.2577879048,12391975.11,-24.8054463534,,,2373036.13,-61.6848533262,,,,,0,,611783917.12,-35.8950110225,149936853.02,-31.0711675269,,,,,,,461847064.1,-37.3191018901,,,459416473.0,-37.573088733,2430591.1,171.3618800095,445385024.33,-37.4118065684,16462039.77,-34.7023738256,346262522.46,-40.4540250196,,,,,0.58,-40.8163265306,0.58,-40.206185567,9817284.05,486.1456981499,8275823.52,481.2910990039,1541460.53,514.4776599425,,,,,,,,,,,,,,,,,,,8275823.52,481.2910990039,,,,,,,,,,,,,,,8275823.52,481.2910990039,,,,,,,,,471664348.15,-35.7650809339,453660847.85,-36.0537967737,18003500.3,-27.5188547165,,,,,,,,,256287.58,570.627248725,标准无保留意见
002043.SZ,002043,兔宝宝,10007291,通用,2022-09-30 00:00:00,三季报,2022三季报,058001001,2022-10-28 00:00:00,2022-10-28 00:00:00,CNY,5873459767.98,-7.003199628,5873459767.98,-7.003199628,,,,,,,,,,,5403767085.16,-6.2347784233,4805037783.73,-8.3974021151,,,,,51756421.9,4.8008030151,,,,,,,,,,,,,23486557.31,3.4957024879,241907793.04,8.8609922276,268542857.8,42.6880479338,,,13035671.38,-62.8169869943,25960204.59,-56.6720470998,9634318.33,-68.3327927773,,,,,,,8377132.64,-92.5409374226,18578461.02,-50.508023412,2706848.81,-32.7200441467,,,,,-214731.28,-9.6922846576,-7648822.68,-870.9556282032,-36543686.25,-62.5785534895,35427461.33,227.051195864,,,0,,487668497.6,-29.3132310663,9019307.18,-25.140183098,,,2056110.58,-34.281039066,,,,,0,,494631694.2,-29.2190430946,92085854.04,-41.9017478649,,,,,,,402545840.16,-25.498634617,,,402545840.16,-25.291727546,0.0,-100.0,389290149.7,-25.6309944128,13255690.46,-21.3898457723,330310136.7,-14.0866303129,,,,,0.51,-29.1666666667,0.51,-29.1666666667,12150112.16,2047.2569661032,10249591.91,2043.5587613732,1900520.25,2067.4466872143,,,,,,,,,,,,,,,,,,,10249591.91,2043.5587613732,,,,,,,,,,,,,,,10249591.91,2043.5587613732,,,,,,,,,414695952.32,-23.1612134992,399539741.61,-23.595964351,15156210.71,-9.6013455857,,,,,,,,,-34804.5,,
002043.SZ,002043,兔宝宝,10007291,通用,2022-06-30 00:00:00,中报,2022中报,058001001,2022-08-26 00:00:00,2022-08-26 00:00:00,CNY,3732372449.17,-2.5410523583,3732372449.17,-2.5410523583,,,,,,,,,,,3425140346.34,-1.7556357439,3031562385.12,-4.1647391914,,,,,35018802.92,18.471620562,,,,,,,,,,,,,14495700.56,7.2167658758,153027829.33,11.4988170042,179917578.17,47.2282292797,,,11118050.24,-45.8025215098,19831906.15,-44.6743200624,7169771.64,-61.1305226934,,,,,,,19638967.64,-53.5063953009,16263739.74,-46.3899136069,-105145.13,-101.9116275276,,,,,-2455.5,96.7224431954,-6679398.77,-259.5186128101,-31273676.24,-292.9876337019,26379644.44,202.1886177331,,,0,,331558924.14,-20.0590750645,5810483.44,-35.1154080696,,,1269705.58,-1.4099794062,,,,,0,,336099702.0,-20.4351172337,60499130.28,-37.4314280233,,,,,,,275600571.72,-15.3897792308,,,275600571.72,-14.9992773933,0.0,-100.0,266624280.4,-15.0130733056,8976291.32,-25.2335170054,214329422.27,-12.0872863628,,,,,0.34,-19.0476190476,0.34,-19.0476190476,5590541.28,629.7713102028,4714712.19,626.229650258,875829.09,649.6864042176,,,,,,,,,,,,,,,,,,,4714712.19,626.229650258,,,,,,,,,,,,,,,4714712.19,626.229650258,,,,,,,,,281191113.0,-13.3928826751,271338992.59,-13.2625436614,9852120.41,-16.8347349136,,,,,,,,,-34804.5,,
002043.SZ,002043,兔宝宝,10007291,通用,2022-03-31 00:00:00,一季报,2022一季报,058001001,2022-04-28 00:00:00,2023-04-28 00:00:00,CNY,1626559690.87,18.9673137934,1626559690.87,18.9673137934,,,,,,,,,,,1518378920.58,18.1086439105,1325443081.27,16.0008593078,,,,,16442224.37,26.5516585988,,,,,,,,,,,,,5444908.47,-1.0370038677,67742912.0,19.9623277462,96534438.48,65.0388605128,,,6771355.99,-28.7728490468,9787044.61,-21.2048677899,1100114.33,-66.7159359802,,,,,,,,,11498601.11,-39.7596056967,15736.85,-98.3424431016,,,,,-4762.06,84.6635590529,411845.2,-17.9272524673,-2360682.09,-263.7265691315,5647710.51,194.8990506406,,,0,,123373482.96,-3.9228626916,3260522.06,67.5973207618,,,661548.76,588.1279068401,,,,,0,,125972456.26,-3.2916592131,28304148.71,6.8154546632,,,,,,,97668307.55,-5.8727592018,,,99518689.93,-4.0894643724,-1850382.38,,94903072.28,-7.7111265117,2765235.27,197.5374773058,77358561.77,8.0643953959,,,,,0.13,0.0,0.13,0.0,-431826.35,-156.2677225833,-362817.49,-155.3640585893,-69008.86,-161.5495911848,,,,,,,,,,,,,,,,,,,-362817.49,-155.3640585893,,,,,,,,,,,,,,,-362817.49,-155.3640585893,,,,,,,,,97236481.2,-6.9769507819,94540254.79,-8.6461285528,2696226.41,158.8809233254,,,,,,,,,,,
002043.SZ,002043,兔宝宝,10007291,通用,2021-12-31 00:00:00,年报,2021年报,058001001,2022-04-28 00:00:00,2023-04-28 00:00:00,CNY,9425925257.57,45.7822395402,9425925257.57,45.7822395402,,,,,,,,,,,8555491529.72,46.8836835745,7757110943.61,48.0625133977,,,,,70654310.17,20.208057743,,,,,,,,,,,,,33144616.48,36.1155595138,322804966.72,32.3710242601,332570615.06,72.3649929948,,,39206077.68,-40.286083052,40840826.23,-35.8293583333,6279973.12,92.6810152844,,,,,,,136684794.94,224.6061751724,45869023.16,-40.5295914211,2652924.69,-58.1293524397,,,,,-207307.09,71.4232188069,-21480442.86,-41.9099678263,-110765263.5,-90.3197143765,23525860.7,-11.1149582517,,,0,,944060393.2,68.3034414182,16479883.86,69.2174386034,,,6193467.43,4.1800944009,,,,,0,,954346809.63,68.9942460155,217524144.31,79.3759675164,,,,,,,736822665.32,66.1552571005,,,735926964.31,65.9532744002,895701.01,-73.1113933976,711611887.02,76.7036482675,25210778.3,-38.1170211103,581504497.28,39.6552279504,,,,,0.98,81.4814814815,0.97,79.6296296296,-2542378.2,66.3197701304,-2170473.83,59.6626177842,-371904.37,82.8439780501,,,,,,,,,,,,,,,,,,,-2170473.83,59.6626177842,,,,,,,,,,,,,,,-2170473.83,59.6626177842,,,,,,,,,734280287.12,68.4493264166,709441413.19,78.550355178,24838873.93,-35.6033080915,,,,,,,,,38216.1,-99.3711344445,标准无保留意见
002043.SZ,002043,兔宝宝,10007291,通用,2021-09-30 00:00:00,三季报,2021三季报,058001001,2021-10-29 00:00:00,2022-10-28 00:00:00,CNY,6315765429.01,64.4905956913,6315765429.01,64.4905956913,,,,,,,,,,,5763082510.01,63.6979845586,5245525667.04,70.0222745631,,,,,49385520.35,51.2172220149,,,,,,,,,,,,,22693268.17,72.9484087131,222217148.76,5.9197132667,188202769.39,43.2814508206,,,35058136.3,-27.6096918638,59915603.79,5.4298016976,30423643.81,168.0584563463,,,,,,,112308115.84,201.1438242219,37538329.04,-23.0515990133,4023261.87,25227.5461297479,,,,,-195757.87,59.7493208292,-787762.33,79.610584171,-22477556.52,-21.4035270186,10832390.09,-46.5055803609,,,0,,689900677.25,171.4400356532,12048262.41,86.2079304546,,,3128641.34,-51.8196726606,,,,,0,,698820298.32,174.9746291441,158500214.13,194.4574016157,,,,,,,540320084.19,169.7392141381,,,538823649.56,168.9921623202,1496434.63,,523457516.51,171.2357281133,16862567.68,130.2955569972,384468841.0,61.4124334969,,,,,0.72,176.9230769231,0.72,176.9230769231,-623960.39,82.1975824483,-527362.08,78.6482673673,-96598.31,90.6671893776,,,,,,,,,,,,,,,,,,,-527362.08,78.6482673673,,,,,,,,,,,,,,,-527362.08,78.6482673673,,,,,,,,,539696123.8,174.2259330745,522930154.43,174.4751956709,16765969.37,166.6724513667,,,,,,,,,0.0,,
002043.SZ,002043,兔宝宝,10007291,通用,2021-06-30 00:00:00,中报,2021中报,058001001,2021-08-18 00:00:00,2022-08-26 00:00:00,CNY,3829686795.81,95.1641342495,3829686795.81,95.1641342495,,,,,,,,,,,3486347916.52,90.1230477347,3163305822.45,102.7738654585,,,,,29558811.43,51.6776908608,,,,,,,,,,,,,13519994.23,97.1761474536,137246146.14,5.6762551758,122203180.09,41.1897199322,,,20513962.18,-33.7072924978,35845752.23,-0.4866354869,18445762.94,230.005143663,,,,,,,42240148.44,143.6650813354,30337089.22,-5.5744462376,5500293.78,713.1414408233,,,,,-74918.61,-23.6130562361,-1857872.87,51.9132344093,-7957928.84,-21.0740601784,8729529.47,-12.8719742936,,,0,,414754926.1,553.4509913682,8955105.16,205.7932337852,,,1287864.2,-78.5496931291,,,,,0,,422422167.06,599.4206859247,96692522.09,434.8805448428,,,,,,,325729644.97,669.707949928,,,324233210.34,652.3121608155,1496434.63,291.9426620867,313723875.86,632.6484702312,12005769.11,2491.9846273281,243797982.57,157.4512320272,,,,,0.42,600.0,0.42,600.0,-1055274.45,-262.7134021052,-895941.95,-247.3931907567,-159332.5,-491.5811737273,,,,,,,,,,,,,,,,,,,-895941.95,-247.3931907567,,,,,,,,,,,,,,,-895941.95,-247.3931907567,,,,,,,,,324674370.52,655.6339430573,312827933.91,620.3307004847,11846436.61,2668.460491472,,,,,,,,,0.0,,
002043.SZ,002043,兔宝宝,10007291,通用,2021-03-31 00:00:00,一季报,2021一季报,058001001,2021-04-20 00:00:00,2022-04-28 00:00:00,CNY,1367232426.29,188.0052468833,1367232426.29,188.0052468833,,,,,,,,,,,1285578151.02,155.2105598258,1142614881.63,196.2196305824,,,,,12992500.1,57.1515600017,,,,,,,,,,,,,5501964.05,159.8784386335,56470154.65,11.3083509597,58491944.37,35.103624574,,,9506706.22,-30.0369425632,12420874.66,-17.0780286414,3305228.38,618.4483952004,,,,,,,23840999.12,194.941132209,19087858.31,12.4541096722,949400.29,39.6846828906,,,,,-31050.62,60.5590118128,501805.06,257.9991856992,1441844.23,-37.6365723873,1915133.5,-63.4974356373,,,0,,128410864.87,534.9233775302,1945449.99,-11.7432072415,,,96137.47,-98.3011802021,,,,,0,,130260177.39,494.9706876827,26498177.44,965.6932611794,,,,,,,103761999.95,392.5660388589,,,103761999.95,392.5660388589,,,102832626.18,462.9402455055,929373.77,113.0292687877,71585614.75,415.5663112301,,,,,0.13,425.0,0.13,425.0,767449.49,-19.051632151,655330.37,-17.890996999,112119.12,-25.2292007738,,,,,,,,,,,,,,,,,,,655330.37,-17.890996999,,,,,,,,,,,,,,,655330.37,-17.890996999,,,,,,,,,104529449.44,402.8249692148,103487956.55,475.8402870141,1041492.89,114.9146504554,,,,,,,,,,,
002043.SZ,002043,兔宝宝,10007291,通用,2020-12-31 00:00:00,年报,2020年报,058001001,2021-04-20 00:00:00,2022-04-28 00:00:00,CNY,6465756931.23,39.5939681552,6465756931.23,39.5939681552,,,,,,,,,,,5824671142.17,36.1102993793,5239078255.26,36.5218605912,,,,,58776683.94,13.6888508238,,,,,,,,,,,,,24350350.98,43.478541154,243863767.41,29.3345550016,192945568.17,33.137945085,,,65656516.41,65.4128411211,63644098.25,52.7971141937,3259258.89,195.6725522301,,,,,,,-109693435.94,-602.8367741572,77129154.24,-16.988275362,6336001.1,244.2138893888,,,,,-725438.91,-142.2135589313,-15136669.53,-138.9188598275,-58199574.26,-642.0927568439,26467738.82,66.4317250209,,,0,,560927563.48,19.7004624307,9738880.34,17.0359454288,,,5944962.39,411.9498673129,,,,,0,,564721481.43,18.6964727691,121267161.55,44.7651906233,,,,,,,443454319.88,13.1257527748,,,443454319.88,13.1257527748,3331154.43,,402714881.1,2.1356592202,40739438.78,1876.7704922313,416385770.74,46.3369780861,,,,,0.54,5.8823529412,0.54,5.8823529412,-7548577.34,-2683.4835823756,-5380799.92,-1375.8282842466,-2167777.42,-1573.1384616382,,,,,,,,,,,,,,,,,,,-5380799.92,-1375.8282842466,,,,,,,,,,,,,,,-5380799.92,-1375.8282842466,,,,,,,,,435905742.54,11.1172777332,397334081.18,0.6633199262,38571661.36,1692.2542844656,,,,,,,,,6076990.49,,标准无保留意见
002043.SZ,002043,兔宝宝,10007291,通用,2020-09-30 00:00:00,三季报,2020三季报,058001001,2020-10-30 00:00:00,2021-10-29 00:00:00,CNY,3839590587.21,19.6629361822,3839590587.21,19.6629361822,,,,,,,,,,,3520558011.48,19.7063215731,3085199089.66,17.5468019082,,,,,32658661.29,-13.1416399934,,,,,,,,,,,,,13121409.06,16.6723822881,209797725.0,45.6426243509,131351803.26,36.440933618,,,48429323.21,78.2196625087,56829855.34,87.8870291393,11349630.31,1354.058009657,,,,,,,-111038035.89,-184.4998288779,48783767.51,-29.1424752467,-16011.36,-100.6480620182,,,,,-486346.75,-261.7547846267,-3863584.6,-10.8741329849,-18514747.53,-227.9803121761,20249570.26,90.0293794752,,,0,,254163198.73,-14.9631543085,6470327.22,8.3331307562,,,6493607.48,1144.7879223966,,,,,0,,254139918.47,-16.4938927459,53827892.68,2.935890276,,,,,,,200312025.79,-20.5250677007,,,200312025.79,-20.5250677007,,,192989883.8,-23.8096612661,7322141.99,683.2548199576,238190350.44,8.4840907727,,,,,0.26,-18.75,0.26,-18.75,-3504919.42,-469.4627455982,-2469879.56,-360.3564801882,-1035039.86,,,,,,,,,,,,,,,,,,,,-2469879.56,-360.3564801882,,,,,,,,,,,,,,,-2469879.56,-360.3564801882,,,,,,,,,196807106.37,-22.2084588513,190520004.24,-25.0653869038,6287102.13,600.8073629132,,,,,,,,,,,
002043.SZ,002043,兔宝宝,10007291,通用,2020-06-30 00:00:00,中报,2020中报,058001001,2020-08-27 00:00:00,2021-08-18 00:00:00,CNY,1962290259.19,2.0961913918,1962290259.19,2.0961913918,,,,,,,,,,,1833732394.92,3.6957091046,1560016531.37,0.0787400366,,,,,19487909.7,-26.6270924823,,,,,,,,,,,,,6856810.22,-8.1545847334,129874157.55,41.3650631463,86552462.99,34.2967416542,,,30944523.09,60.8066285929,36021043.41,82.9047582863,5589538.01,834.0520162586,,,,,,,-96736676.42,-81.4235222681,32128050.1,-29.2897562748,676425.22,-74.1139773272,,,,,-60607.36,62.433272145,-3863584.6,-8.51429389,-6572777.71,-76.3803566735,10019198.07,1.6396177161,,,0,,63471466.35,-57.15664952,2928483.75,-20.4485159021,,,6003943.01,5330.1946196969,,,,,0,,60396007.09,-60.1920465676,18077404.95,-31.5870504274,,,,,,,42318602.14,-66.2246904557,,,43098228.0,-65.6024557075,-779625.86,,42820518.79,-66.0089545635,-501916.65,26.3392601625,94696762.82,-24.3365073629,,,,,0.06,-62.5,0.06,-62.5,648547.96,305.2508629768,607858.44,279.8256606616,40689.52,,,,,,,,,,,,,,,,,,,,607858.44,279.8256606616,,,,,,,,,,,,,,,607858.44,279.8256606616,,,,,,,,,42967150.1,-65.7508173623,43428377.23,-65.5701735349,-461227.13,32.3108097153,,,,,,,,,,,
002043.SZ,002043,兔宝宝,10007291,通用,2020-03-31 00:00:00,一季报,2020一季报,058001001,2020-04-28 00:00:00,2021-04-20 00:00:00,CNY,474724832.65,-28.2019320156,474724832.65,-28.2019320156,,,,,,,,,,,503732350.22,-19.9983704773,385732329.55,-28.3763786045,,,,,8267496.74,-36.6776371858,,,,,,,,,,,,,2117129.87,14.7875223261,50733079.92,40.3242206908,43294134.08,55.3566067991,,,13588180.06,11.601573267,14978991.04,56.4332878242,460050.91,124.2965072561,,,,,,,-25111349.07,-141.637193898,16973909.06,-16.0808168331,679673.87,1737.0918283167,,,,,-78726.78,39.2947274779,140169.33,,2312002.86,156.6723894188,5246572.49,263.1825626544,,,0,,-29524939.68,-127.0094054499,2204306.24,-2.3826691984,,,5659074.03,51749.4692805763,,,,,0,,-32979707.47,-129.562107817,2486473.21,-87.406649237,,,,,,,-35466180.68,-138.6272786499,,,-35466180.68,-138.6272786499,,,-28333211.17,-130.7018811993,-7132969.51,-1422.4314813795,-22684808.93,-203.8284695388,,,,,-0.04,-133.3333333333,-0.04,-133.3333333333,948072.84,346.6765144091,798122.43,307.6613217864,149950.41,,,,,,,,,,,,,,,,,,,,798122.43,307.6613217864,,,,,,,,,,,,,,,798122.43,307.6613217864,,,,,,,,,-34518107.84,-137.75273505,-27535088.74,-129.96181715,-6983019.1,-1390.426686671,,,,,,,,,,,
002043.SZ,002043,兔宝宝,10007291,通用,2019-12-31 00:00:00,年报,2019年报,058001001,2020-04-28 00:00:00,2021-04-20 00:00:00,CNY,4631831171.99,7.5555029518,4631831171.99,7.5555029518,,,,,,,,,,,4279375748.0,7.0871389987,3837537982.98,6.9542026271,,,,,51699602.48,-4.0792327037,,,,,,,,,,,,,16971423.59,15.5363666557,188552678.29,6.3346736862,144921545.88,9.5592327024,,,39692514.78,32.4940648614,41652683.42,60.8674966244,1102320.41,-1.7856215921,,,,,,,21814919.19,,92913566.82,23.774849206,1840716.28,227.8022953539,,,,,-299503.84,-128.523734886,-6335485.42,6.8179417876,-7842627.99,,15903061.04,-7.2265558718,,,0,,468609353.79,18.1108296809,8321272.84,42.6797242928,,,1161239.17,144.6856870571,,,,,0,,475769387.46,18.3177839414,83768177.3,15.8368914295,,,,,,,392001210.16,18.8617789788,,,392001210.16,18.8617789788,,,394294102.74,19.1756014326,-2292892.58,-117.2292628138,284538997.72,13.7104996752,,,,,0.51,24.3902439024,0.51,24.3902439024,292186.0,100.9737098491,421749.54,101.4054803479,-129563.54,,,,,,,,,,,,,,,,,,,,421749.54,101.4054803479,,,,,,,,,,,,,,,421749.54,-44.6244327773,,,,,,,,,392293396.16,30.8567871356,394715852.28,31.2028935869,-2422456.12,-129.5041476153,,,,,,,,,,,标准无保留意见
002043.SZ,002043,兔宝宝,10007291,通用,2019-09-30 00:00:00,三季报,2019三季报,058001001,2019-10-24 00:00:00,2020-10-30 00:00:00,CNY,3208671548.36,3.1902737774,3208671548.36,3.1902737774,,,,,,,,,,,2940995901.65,2.9650754071,2624655915.41,2.1626977541,,,,,37599905.51,-5.3982785656,,,,,,,,,,,,,11246371.08,-0.8198961698,144049673.6,11.2413932555,96270085.36,4.7272042269,,,27173950.69,84.758262134,30246822.04,168.7487436509,780548.66,13.7544749685,,,,,,,-39029210.08,,68847687.92,23.634521307,2470652.43,432.6228254332,,,,,-134441.0,-110.2962954482,-3484658.23,41.6651251887,-5645078.94,,10656020.83,-18.8163086369,,,0,,298885967.21,-5.8066292532,5972620.91,40.1967332656,,,521663.76,29.2228352538,,,,,0,,304336924.36,-5.2404417205,52292638.2,-8.5425980255,,,,,,,252044286.16,-4.5252358728,,,252044286.16,-4.5252358728,,,253299679.47,-4.2148528561,-1255393.31,-175.7908394994,219562471.09,7.769545432,,,,,0.32,0.0,0.32,0.0,948653.0,-96.274713623,948653.0,-96.274713623,,,,,,,,,,,,,,,,,,,,,948653.0,-96.274713623,,,,,,,,,,,,,,,948653.0,8.3776101853,,,,,,,,,252992939.16,-12.5970135709,254248332.47,-12.3012202882,-1255393.31,-175.7908394994,,,,,,,,,,,
002043.SZ,002043,兔宝宝,10007291,通用,2019-06-30 00:00:00,中报,2019中报,058001001,2019-08-22 00:00:00,2020-08-27 00:00:00,CNY,1922001430.65,0.8684478147,1922001430.65,0.8684478147,,,,,,,,,,,1768378277.9,2.9104189512,1558789140.23,1.7052178257,,,,,26560089.22,-1.3842307807,,,,,,,,,,,,,7465598.8,-1.4993865639,91871467.15,10.8000444682,64448669.36,4.0057690249,,,19243313.14,204.6020289983,19693879.89,398.9489791256,598418.28,40.3725021483,,,,,,,-53320911.87,,45436203.31,25.8888541418,2613090.58,47701.6136260133,,,,,-161332.55,-200.9632425092,-3560438.41,30.4101040546,-3726479.43,,9857571.58,14.0591201101,,,0,,148147765.38,-34.6364210071,3681243.39,8.7676179371,,,110565.89,219.9338927248,,,,,0,,151718442.88,-34.0359760842,26423951.99,-34.3287888005,,,,,,,125294490.89,-33.9738896931,,,125294490.89,-33.9738896931,,,125975880.53,-33.753165276,-681389.64,-71.9407158374,125155156.76,-17.105704306,,,,,0.16,-30.4347826087,0.16,-30.4347826087,160036.17,-17.3964443593,160036.17,-17.3964443593,,,,,,,,,,,,,,,,,,,,,160036.17,-17.3964443593,,,,,,,,,,,,,,,160036.17,-17.3964443593,,,,,,,,,125454527.06,-33.9569822636,126135916.7,-33.7365176949,-681389.64,-71.9407158374,,,,,,,,,,,
002043.SZ,002043,兔宝宝,10007291,通用,2019-03-31 00:00:00,一季报,2019一季报,058001001,2019-04-24 00:00:00,2020-04-28 00:00:00,CNY,661194438.76,1.0990475589,661194438.76,1.0990475589,,,,,,,,,,,629652612.36,3.8361627314,538554630.49,2.8850331147,,,,,13056203.8,3.2499701532,,,,,,,,,,,,,1844390.25,-10.0046703256,36154186.12,3.9705446343,27867584.76,-9.6205770079,,,12175616.94,532.0850910898,9575322.01,1228.0335287856,205108.37,33.3841420986,,,4079593.05,,,,60309897.76,,20226494.61,31.9605833551,-41517.15,-227.5566463203,,,,,-129686.89,-199.9983575916,,,-4079593.05,,1444610.24,-26.1065944972,,,0,,109313549.07,68.5492575809,2258109.52,116.7614060694,,,10914.43,30915.7146916738,,,,,0,,111560744.16,69.2949553037,19744333.79,75.3746017306,,,,,,,91816410.37,68.042240347,,,91816410.37,68.042240347,,,92284935.2,67.6009102593,-468524.83,-10.6514267539,21848351.45,-45.760315949,,,,,0.12,71.4285714286,0.12,71.4285714286,-384338.51,33.327768908,-384338.51,33.327768908,,,,,,,,,,,,,,,,,,,,,-384338.51,33.327768908,,,,,,,,,,,,,,,-384338.51,33.327768908,,,,,,,,,91432071.86,69.1231337246,91900596.69,68.6687344585,-468524.83,-10.6514267539,,,,,,,,,,,
002043.SZ,002043,兔宝宝,10007291,通用,2018-12-31 00:00:00,年报,2018年报,058001001,2019-04-03 00:00:00,2020-04-28 00:00:00,CNY,4306456708.28,4.536851096,4306456708.28,4.536851096,,,,,,,,,,,3996162179.71,6.8231906397,3588019814.76,5.2636264098,,,,,53898236.99,15.0569569971,,,,,,,,,,,,,14689248.14,-9.0329166253,177320032.83,13.3721353994,132276890.14,27.4747890814,,,29957956.85,1265.7522878561,25892541.56,4406.1145505125,1122361.54,30.8841035541,6799040.01,-2.1764674145,,,,,,,75066596.66,50.8478432135,-1440284.21,-15421.3911534752,,,,,1050016.21,191.6670987321,-6799040.01,,,,17141824.57,67.9582801041,,,0,,396753926.0,-9.3070758811,5832134.09,-0.7365576353,,,474584.02,62.4314986433,,,,,0,,402111476.07,-9.2407291615,72315629.56,-8.2707817697,,,,,,,329795846.51,-9.4506776158,,,329795846.51,-9.4506776158,,,330851363.87,-9.3265863443,-1055517.36,-58.5724382589,250231067.96,-20.04533135,,,,,0.41,-6.8181818182,0.41,-6.8181818182,-30007501.75,-3276.5085028373,-30007501.75,-3276.5085028373,,,,,,,,,,,,,,,,,,,,,-30007501.75,-3276.5085028373,,,-30769118.4,,,,,,,,,,,,761616.65,185.6987401368,,,,,,,,,299788344.76,-17.4882552855,300843862.12,-17.3491626745,-1055517.36,-58.5724382589,,,,,,,,,,,标准无保留意见
002043.SZ,002043,兔宝宝,10007291,通用,2018-09-30 00:00:00,三季报,2018三季报,058001001,2018-10-22 00:00:00,2019-10-24 00:00:00,CNY,3109470913.2,5.3528604919,3109470913.2,5.3528604919,,,,,,,,,,,2856304324.57,6.6155261015,2569094173.42,5.0783583995,,,,,39745477.08,20.2483205084,,,,,0.0,,,,,,,,11339341.91,-9.8519715744,129492870.76,17.207131209,91924620.8,25.9660275843,,,14707840.6,792.7612737766,11254684.07,2248.6316713159,686169.63,10.3923984761,5973541.97,75.6241261559,,,0.0,,,,55686459.73,76.7947215245,-742778.98,,,,,,1305722.05,478.5719678469,-5973541.97,,,,13125814.62,130.0843788093,,,0,,317311043.06,2.5999720421,4260171.24,-37.9650624567,,,403693.17,-57.3316617321,,,0.0,,0,,321167521.13,1.896041513,57177043.16,0.4945523236,,,,,,,263990477.97,2.2047522626,,,263990477.97,2.2047522626,,,264445675.58,1.7870856407,-455197.61,69.7960496741,203733318.36,-9.4981090355,,,,,0.32,3.2258064516,0.32,3.2258064516,25465236.87,4025.3577726471,25465236.87,4025.3577726471,0.0,,,,,,,,,,,,,,,,,,,,25465236.87,4025.3577726471,,,24589914.93,,,,,,,,,,,,875321.94,234.9271478717,,,,,,,,,289455714.84,12.3458680413,289910912.45,11.8681814191,-455197.61,69.7960496741,,,,,,,,,,,
002043.SZ,002043,兔宝宝,10007291,通用,2018-06-30 00:00:00,中报,2018中报,058001001,2018-08-22 00:00:00,2019-08-22 00:00:00,CNY,1905453560.84,4.4070626771,1905453560.84,4.4070626771,,,,,,,,,,,1718366610.42,3.4257498895,1532654050.16,1.1491146022,,,,,26932902.75,,,,,,0.0,,,,,,,,7579240.92,10.8751260976,82916453.32,19.8472275231,61966437.02,-5.7383109536,,,6317526.25,396.6596739162,3947072.89,,426307.34,,5116315.18,61.1116902258,,,0.0,,,,36092316.21,81.6914281609,-5489.5,,,,,,-53605.4,87.5837661032,-5116315.18,,,,8642510.63,122.201437654,,,0,,226651856.68,21.2713224577,3384503.09,-35.0345231258,,,34558.98,-90.4831143407,,,0.0,,0,,230001800.79,19.9531286475,40236736.17,16.0830365658,,,,,,,189765064.62,20.8071161956,,,189765064.62,20.8071161956,,,190161357.98,20.390864424,-396293.36,54.5681238609,150981627.52,11.5919873778,,,,,0.23,21.0526315789,0.23,21.0526315789,193740.05,156.5558665501,193740.05,156.5558665501,,,,,,,,,,,,,,,,,,,,,193740.05,156.5558665501,,,,,,,,,,,,,,,193740.05,156.5558665501,,,,,,,,,189958804.67,21.1947566851,190355098.03,20.7754548417,-396293.36,54.5681238609,,,,,,,,,,,
002043.SZ,002043,兔宝宝,10007291,通用,2018-03-31 00:00:00,一季报,2018一季报,058001001,2018-04-20 00:00:00,2019-04-24 00:00:00,CNY,654006595.24,-3.3012187424,654006595.24,-3.3012187424,,,,,,,,,,,606390486.51,-4.0615765718,523452842.64,-7.0415486731,,,,,12645237.36,,,,,,0,,,,,,,,2049428.85,-26.4612206148,34773489.21,7.0929600911,30833992.78,-3.1473199194,,,1926262.32,167.5432185266,721015.08,,153772.68,,709233.35,-38.0519245629,,,0,,,,15327678.99,53.406275535,32548.01,,,,,,-43229.2,63.5754979814,,,,,1954992.1,95.4422698491,,,0,,64855550.62,17.6094457255,1041748.88,-51.804015462,,,35.19,-99.9460763372,,,0,,0,,65897264.31,15.1223401549,11258376.98,17.2155268071,,,,,,,54638887.33,14.7002927065,,,54638887.33,14.7002927065,,,55062311.45,15.3491906355,-423424.12,-327.2598021478,40281118.58,7.9462027637,,,,,0.07,16.6666666667,0.07,16.6666666667,-576459.65,-666.1913953807,-576459.65,-666.1913953807,,,,,,,,,,,,,,,,,,,,,-576459.65,-666.1913953807,,,,,,,,,,,,,,,-576459.65,-666.1913953807,,,,,,,,,54062427.68,13.6696947377,54485851.8,14.3217600075,-423424.12,-327.2598021478,,,,,,,,,,,
002043.SZ,002043,兔宝宝,10007291,通用,2017-12-31 00:00:00,年报,2017年报,058001001,2018-04-10 00:00:00,2019-04-03 00:00:00,CNY,4119558474.48,53.8864253534,4119558474.48,53.8864253534,,,,,,,,,,,3740912582.54,55.5329662188,3408603652.69,57.9206426242,,,,,46844830.94,,,,,,0,,,,,,,,16147871.95,4.1802629074,156405303.83,39.9627318927,103767098.65,-5.9095890543,,,2193513.21,314.3938428609,574609.04,,857523.19,,6950311.27,-32.4187934817,,,0,,,,49763122.27,92.1489301889,-9279.35,,,,-1145466.83,19.4433604986,-1145466.83,,,,,,10206001.49,,,,0,,437469548.87,47.6606367924,5875409.87,-57.5168385701,,,292174.87,-88.780924392,,,0,,0,,443052783.87,44.0856848195,78835981.55,59.49907583,,,,,,,364216802.32,41.1335592855,,,364216802.32,41.1335592855,,,364882439.66,40.4311892431,-665637.34,62.2807567307,312966174.69,35.5874317954,,,,,0.44,37.5,0.44,37.5,-888713.94,-183.0953941012,-888713.94,-183.0953941012,,,,,,,,,,,,,,,,,,,,,-888713.94,-183.0953941012,,,,,,,,,,,,,,,-888713.94,-183.0953941012,,,,,,,,,363328088.38,40.2081136686,363993725.72,39.5148825465,-665637.34,62.2807567307,,,,,,,,,,,标准无保留意见
002043.SZ,002043,兔宝宝,10007291,通用,2017-09-30 00:00:00,三季报,2017三季报,058001001,2017-10-25 00:00:00,2018-10-22 00:00:00,CNY,2951482189.17,64.8483355918,2951482189.17,64.8483355918,,,,,,,,,,,2679069764.99,67.3397912065,2444931775.25,70.3891138388,,,,,33052833.43,,,,,,0,,,,,,,,12578580.04,41.4579242523,110482075.13,65.3463959735,72975724.14,-17.7173489526,,,1647455.04,897.365384473,479201.75,,621573.26,,3401321.96,81.6933194154,,,0,,,,31497806.75,85.313880146,,,,,,,-344907.22,,,,,,5704783.04,,,,0,,309270106.75,49.8083165807,6867374.11,-28.5115085699,52891.85,-86.3457939804,946118.8,-80.3017720631,791170.38,-67.2649659446,0,,0,,315191362.06,49.205071659,56895664.33,66.6004015926,,,,,,,258295697.73,45.8505794651,,,258295697.73,,,,259802777.45,46.0066846323,-1507079.72,-78.8066821755,225114985.1,40.1357307174,,,,,0.31,40.9090909091,0.31,40.9090909091,-648736.71,-247.9915948633,-648736.71,-247.9915948633,0.0,,,,,,,,,,,,,,,,,,,,-648736.71,-247.9915948633,,,,,,,,,,,,,,,-648736.71,-247.9915948633,,,,,,,,,257646961.02,45.125036941,259154040.74,45.2841867568,-1507079.72,-78.8066821755,,,,,,,,,,,
002043.SZ,002043,兔宝宝,10007291,通用,2017-06-30 00:00:00,中报,2017中报,058001001,2017-08-22 00:00:00,2018-08-22 00:00:00,CNY,1825023625.78,72.0272873785,1825023625.78,72.0272873785,,,,,,,,,,,1661449505.81,74.0681706808,1515242181.0,78.6262894479,,,,,,,,,,,0,,,,,,,,6835835.22,12.9663618652,69185124.29,68.4062494847,65738729.75,14.793141188,,,1272003.06,446.6337056594,,,,,3175632.49,46.1124969965,,,0,,,,19864622.44,113.6101135568,,,,,,,-431736.39,,,,,,3889493.57,,,,0,,186896499.59,61.5224101257,5209694.83,-21.3795163042,48383.87,-82.3396326551,363133.29,-87.4780481186,744057.42,-36.492853424,0,,0,,191743061.13,60.5407728091,34662029.32,58.7391992182,,,,,,,157081031.81,60.943835322,,,157081031.81,,,,157953312.23,61.1249918098,-872280.42,-102.0875091223,135297910.78,54.2765134918,,,,,0.19,58.3333333333,0.19,58.3333333333,-342564.02,-203.233986052,-342564.02,-203.233986052,,,,,,,,,,,,,,,,,,,,,-342564.02,-203.233986052,,,,,,,,,,,,,,,-342564.02,-203.233986052,,,,,,,,,156738467.79,60.048693311,157610748.21,60.2331666939,-872280.42,-102.0875091223,,,,,,,,,,,
002043.SZ,002043,兔宝宝,10007291,通用,2017-03-31 00:00:00,一季报,2017一季报,058001001,2017-04-18 00:00:00,2018-04-20 00:00:00,CNY,676333855.23,73.2238738627,676333855.23,73.2238738627,,,,,,,,,,,632062175.76,71.1443837633,563104091.31,76.5781184531,,,,,,,,,,,0,,,,,,,,2786868.19,6.0029075459,32470378.24,82.9240997824,31835972.69,10.0251871529,,,719981.74,188.9138689799,,,,,1144883.59,34.2165000972,,,0,,,,9991559.3,174.6805444228,,,,,,,-118681.65,,,,,,1000291.34,,,,0,,55144848.46,122.7038326893,2161484.8,-15.020764094,47047.86,149.9313919076,65258.92,-94.7620419526,180080.94,-63.5012229803,0,,0,,57241074.34,119.6580249073,9604851.24,103.0202971993,,,,,,,47636223.1,123.3485746282,,,47636223.1,,,,47735325.36,122.3259295455,-99102.26,30.5421541337,37315919.92,112.5288299086,,,,,0.06,100.0,0.06,100.0,-75237.03,-1.0331191957,-75237.03,-1.0331191957,,,,,,,,,,,,,,,,,,,,,-75237.03,-1.0331191957,,,,,,,,,,,,,,,-75237.03,-1.0331191957,,,,,,,,,47560986.07,123.7771370445,47660088.33,122.7480749418,-99102.26,30.5421541337,,,,,,,,,,,
002043.SZ,002043,兔宝宝,10007291,通用,2016-12-31 00:00:00,年报,2016年报,058001001,2017-03-30 00:00:00,2018-04-10 00:00:00,CNY,2677012260.84,62.5577372432,2677012260.84,62.5577372432,,,,,,,,,,,2405221653.96,53.9797924004,2158428180.16,58.759331126,,,,,,,,,,,0.0,,,,,,,,15499933.96,47.1204842036,111747821.52,30.1255731614,110284456.84,15.7362670297,,,-1023123.23,-15.358288779,,,,,10284384.71,-11.8153719796,,,0.0,,,,25898204.18,201.545268995,,,,,-1421939.69,,,,,,,,,,,,0,,296266871.37,210.7794099828,13829973.27,-41.5187999154,2509602.31,-81.5638211062,2604268.66,-8.200082997,3931542.0,927.3547829341,0.0,,0,,307492575.98,164.7558006933,49427234.07,160.306326784,,,,,,,258065341.91,165.6254220631,,,258065341.91,,,,259830057.43,166.5191011669,-1764715.52,-424.6460535827,230822407.76,221.9354728332,,,,,0.32,128.5714285714,0.32,128.5714285714,1069510.47,20.4011863347,1069510.47,20.4011863347,,,,,,,,,,,,,,,,,,,,,1069510.47,20.4011863347,,,,,,,,,,,,,,,1069510.47,20.4011863347,,,,,,,,,259134852.38,164.3096502863,260899567.9,165.1997588107,-1764715.52,-424.6460535827,,,,,,,,,,,标准无保留意见
002043.SZ,002043,兔宝宝,10007291,通用,2016-09-30 00:00:00,三季报,2016三季报,058001001,2016-10-24 00:00:00,2017-10-25 00:00:00,CNY,1790422802.01,56.5080267442,1790422802.01,56.5080267442,,,,,,,,,,,1600975921.91,46.9629781017,1434910787.53,51.2778321615,,,,,,,,,,,,,,,,,,,8892099.97,22.482656836,66818556.57,24.287300276,88689077.48,16.5551990397,,,-206612.31,69.5032085259,,,,,1872012.67,-57.5617305847,,,,,,,16997003.53,204.1047021483,,,,,,,,,,,,,,,,,0,,206443883.63,232.7265865548,9606265.25,36.9743671456,387366.72,-70.8041442021,4803065.55,131.4092264842,2416891.88,1006.6935978735,,,0,,211247083.33,215.3708018494,34150976.7,240.7120286261,,,,,,,177096106.63,210.9114574878,,,,,,,177938960.88,211.1383367702,-842854.25,-267.4828638571,160640675.97,241.8172286333,,,,,0.22,175.0,0.22,175.0,438360.51,-23.6707298136,438360.51,-23.6707298136,,,,,,,,,,,,,,,,,,,,,438360.51,-23.6707298136,,,,,,,,,,,,,,,438360.51,-23.6707298136,,,,,,,,,177534467.14,208.569892513,178377321.39,208.8038135784,-842854.25,-267.4828638571,,,,,,,,,,,
002043.SZ,002043,兔宝宝,10007291,通用,2016-06-30 00:00:00,中报,2016中报,058001001,2016-08-23 00:00:00,2017-08-22 00:00:00,CNY,1060891939.64,55.167444367,1060891939.64,55.167444367,,,,,,,,,,,954482085.56,44.7687274375,848275013.54,49.4054330304,,,,,,,,,,,,,,,,,,,6051213.04,36.7573863022,41082278.42,29.2221952499,57267123.34,12.2542634464,,,-366958.85,-147.3150002719,,,,,2173416.07,-51.3124699274,,,,,,,9299476.56,190.5199413147,,,,,,,,,,,,,,,,,0,,115709330.64,295.8304915828,6626383.59,125.0984782804,273968.65,-71.1478091425,2899973.53,100.835675872,1171612.11,557.4166419072,,,0,,119435740.7,288.6381990193,21835834.81,334.7020659975,,,,,,,97599905.89,279.6378652927,,,,,,,98031540.89,275.8042817515,-431635.0,-14.4583698202,87698320.19,330.8051335385,,,,,0.12,200.0,0.12,200.0,331832.6,3059.8998835066,331832.6,3059.8998835066,,,,,,,,,,,,,,,,,,,,,331832.6,3059.8998835066,,,,,,,,,,,,,,,331832.6,3059.8998835066,,,,,,,,,97931738.49,281.0947927754,98363373.49,277.2384897428,-431635.0,-14.4583698202,,,,,,,,,,,
002043.SZ,002043,兔宝宝,10007291,通用,2016-03-31 00:00:00,一季报,2016一季报,058001001,2016-04-20 00:00:00,2017-04-18 00:00:00,CNY,390439169.93,57.5292663594,390439169.93,57.5292663594,,,,,,,,,,,369315172.29,50.8019918746,318898001.77,54.5905898864,,,,,,,,,,,,,,,,,,,2629048.82,70.7550629836,17750738.3,26.0869983935,28935167.95,30.5042670674,,,249202.9,-13.940475751,,,,,853012.55,59.1470867789,,,,,,,3637519.84,175.6039724882,,,,,,,,,,,,,,,,,0,,24761517.48,402.8436539425,2543544.64,60.7452086603,18824.31,-94.0384058547,1245884.74,67.7258750251,493388.97,371.7442133073,,,0,,26059177.38,352.1154178351,4730980.78,394.3391490465,,,,,,,21328196.6,343.7086976397,,,,,,,21470876.32,348.4248869723,-142679.72,-861.5157331124,17558050.8,436.4843944465,,,,,0.03,200.0,0.03,200.0,-74467.69,-232.8451489858,-74467.69,-232.8451489858,,,,,,,,,,,,,,,,,,,,,-74467.69,-232.8451489858,,,,,,,,,,,,,,,-74467.69,-232.8451489858,,,,,,,,,21253728.91,337.0625420148,21396408.63,341.6984495035,-142679.72,-861.5157331124,,,,,,,,,,,
002043.SZ,002043,兔宝宝,10007291,通用,2015-12-31 00:00:00,年报,2015年报,058001001,2016-03-25 00:00:00,2017-03-30 00:00:00,CNY,1646807039.91,16.6291652235,1646807039.91,16.6291652235,,,,,,,,,,,1562037210.51,14.1272693839,1359559885.3,14.9187420698,,,,,,,,,,,,,,,,,,,10535537.62,19.2692598297,85876910.13,10.6309281491,95289453.92,8.4093231658,,,-886909.16,-67.6383206469,,,,,11662332.7,-1.0936583667,,,,,1971951.0,153.2138366969,8588496.27,468.0466112326,,,,,,,,,,,,,,,,,0,,95330276.67,131.7841437447,23648579.8,53.4312301232,13612377.73,1116.6206658522,2836896.53,-36.079094859,382685.91,-82.1600590281,,,0,,116141959.94,122.9044830738,18988103.24,119.7116347914,,,,,,,97153856.7,123.5393764569,,,,,,,97490219.76,127.8266539916,-336363.06,-150.186376176,71698345.55,98.4456835979,,,,,0.14,55.5555555556,0.14,55.5555555556,888288.98,1447.9560035577,888288.98,1447.9560035577,,,,,,,,,,,,,,,,,,,,,888288.98,1447.9560035577,,,,,,,,,,,,,,,888288.98,1447.9560035577,,,,,,,,,98042145.68,125.2857664426,98378508.74,129.5946188074,-336363.06,-150.186376176,,,,,,,,,,,标准无保留意见
002043.SZ,002043,兔宝宝,10007291,通用,2015-09-30 00:00:00,三季报,2015三季报,058001001,2015-10-23 00:00:00,2016-10-24 00:00:00,CNY,1143981455.3,12.049108852,1143981455.3,12.049108852,,,,,,,,,,,1089373624.97,10.3522451769,948526804.64,10.8778178549,,,,,,,,,,,,,,,,,,,7259884.95,20.6466065616,53761370.97,4.6761125541,76091910.28,10.5446774003,,,-677488.68,-111.8782528155,,,,,4411142.81,-24.1693829371,,,,,1849079.0,156.6826558572,5589194.58,1044.9296224648,,,,,,,,,,,,,,,,,0,,62046103.91,100.0721073875,7013184.62,-31.1712072209,1326786.66,469.642408406,2075572.19,-36.2440990099,218388.53,-87.3823235152,,,0,,66983716.34,76.5252251265,10023413.86,49.0860318547,,,,,,,56960302.48,82.433804497,,,,,,,57189661.27,85.8696814327,-229358.79,-150.546044955,46996073.49,65.1700915541,,,,,0.08,33.3333333333,0.08,33.3333333333,574301.98,15794.4412410126,574301.98,15794.4412410126,,,,,,,,,,,,,,,,,,,,,574301.98,15794.4412410126,,,,,,,,,,,,,,,574301.98,15794.4412410126,,,,,,,,,57534604.46,84.2947918101,57763963.25,87.7585256452,-229358.79,-150.546044955,,,,,,,,,,,
002043.SZ,002043,兔宝宝,10007291,通用,2015-06-30 00:00:00,中报,2015中报,058001001,2015-08-14 00:00:00,2016-08-23 00:00:00,CNY,683707812.53,11.4411201075,683707812.53,11.4411201075,,,,,,,,,,,659315103.79,10.5123938577,567767179.77,10.6582356287,,,,,,,,,,,,,,,,,,,4424779.68,19.3648827846,31791967.58,2.6371475206,51015544.16,14.7605155776,,,-148377.11,78.5740967018,,,,,4464009.71,-12.0074469371,,,,,1638355.0,132.8354502733,3200977.02,5558.3439255409,,,,,,,,,,,,,,,,,0,,29232040.76,146.3041452686,2943770.94,-55.3634297346,949559.26,392.3061473043,1443953.38,51.5518783657,178214.55,286.7071902136,,,0,,30731858.32,75.5056437306,5023172.54,48.7963013383,,,,,,,25708685.78,81.884837217,,,,,,,26085796.69,86.9985307605,-377110.91,-303.9960485091,20356841.96,38.0609633619,,,,,0.04,33.3333333333,0.04,33.3333333333,-11210.94,-221.7383318649,-11210.94,-221.7383318649,,,,,,,,,,,,,,,,,,,,,-11210.94,-221.7383318649,,,,,,,,,,,,,,,-11210.94,-221.7383318649,,,,,,,,,25697474.84,81.8503517397,26074585.75,86.964865831,-377110.91,-303.9960485091,,,,,,,,,,,
002043.SZ,002043,兔宝宝,10007291,通用,2015-03-31 00:00:00,一季报,2015一季报,058001001,2015-04-24 00:00:00,2016-04-20 00:00:00,CNY,247851830.3,13.1221843035,247851830.3,13.1221843035,,,,,,,,,,,244900725.58,12.8858115853,206285519.71,12.8496431506,,,,,,,,,,,,,,,,,,,1539660.83,27.5386310773,14078167.08,19.8939822068,22171817.52,7.7775022096,,,289570.39,306.8612447237,,,,,535990.05,-3.6583023685,,,,,653357.0,113.4325924842,1319835.78,892.9629122951,,,,,,,,,,,,,,,,,0,,4924297.5,271.2828632791,1582345.54,-42.225963043,315759.67,459.2473566963,742810.1,117.2690892855,104588.24,1711.2713229309,,,0,,5763832.94,1305.8656015466,957031.38,-13.1899075047,,,,,,,4806801.56,404.1460276054,,,,,,,4788065.28,403.1052347086,18736.28,2582.8432476843,3272798.05,59.2183740215,,,,,0.01,433.3333333333,0.01,433.3333333333,56056.01,-58.5015598187,56056.01,-58.5015598187,,,,,,,,,,,,,,,,,,,,,56056.01,-58.5015598187,,,,,,,,,,,,,,,56056.01,-58.5015598187,,,,,,,,,4862857.57,436.4494299274,4844121.29,435.3281900603,18736.28,2582.8432476843,,,,,,,,,,,
002043.SZ,002043,兔宝宝,10007291,通用,2014-12-31 00:00:00,年报,2014年报,058001001,2015-03-25 00:00:00,2016-03-25 00:00:00,CNY,1412002766.85,13.608313521,1412002766.85,13.608313521,,,,,,,,,,,1368680087.54,12.4007232818,1183061927.77,12.4284845827,,,,,,,,,,,,,,,,,,,8833405.72,20.3098104593,77624685.58,7.2544242854,87897840.46,12.9465907218,,,-529061.11,-117.3519367421,,,,,11791289.12,145.0646439988,,,,,-3705711.0,-313.7384066999,1511935.13,197.4682490164,,,,,,,,,,,,,,,,,0,,41128903.44,62.0990215119,15413146.19,49.6026502292,1118867.87,328.733942468,4438135.73,35.7393222252,2145107.49,113.3145577534,,,0,,52103913.9,60.7856489454,8642283.9,4.5488807618,,,,,,,43461630.0,80.0431578333,,,,,,,42791402.17,84.6748808542,670227.83,-30.7868563275,36129959.72,111.23798179,,,,,0.09,80.0,0.09,80.0,57384.64,112.1839072601,57384.64,112.1839072601,,,,,,,,,,,,,,,,,,,,,57384.64,112.1839072601,,,,,,,,,,,,,,,57384.64,112.1839072601,,,,,,,,,43519014.64,83.8683345254,42848786.81,88.7593327674,670227.83,-30.7868563275,,,,,,,,,,,标准无保留意见
002043.SZ,002043,兔宝宝,10007291,通用,2014-09-30 00:00:00,三季报,2014三季报,058001001,2014-10-24 00:00:00,2015-10-23 00:00:00,CNY,1020964349.49,15.3453793014,1020964349.49,15.3453793014,,,,,,,,,,,987178487.6,14.4198514151,855470303.25,14.9888725181,,,,,,,,,,,,,,,,,,,6017479.61,23.0678297529,51359732.09,-3.3013294153,68833626.43,25.8760846155,,,-319753.76,-114.6609335502,,,,,5817099.98,47.5683562829,,,,,-3262160.13,-1426.1227006549,488169.27,131.2003275512,,,,,,,,,,,,,,,,,0,,31011871.03,47.3277763544,10189318.07,61.0968700625,232915.71,,3255498.17,32.3314868741,1730814.15,122.3011619508,,,0,,37945690.93,52.3040697243,6723241.43,-11.0723046713,,,,,,,31222449.5,79.9141305187,,,,,,,30768687.41,78.3116255013,453762.09,360.6064251133,28453137.64,93.1727482664,,,,,0.06,50.0,0.06,50.0,-3659.27,98.9426685164,-3659.27,,,,,,,,,,,,,,,,,,,,,,-3659.27,,,,,,,,,,,,,,,,-3659.27,,,,,,,,,,31218790.23,83.5535786272,30765028.14,81.9394785315,453762.09,360.6064251133,,,,,,,,,,,
002043.SZ,002043,兔宝宝,10007291,通用,2014-06-30 00:00:00,中报,2014中报,058001001,2014-08-22 00:00:00,2015-08-14 00:00:00,CNY,613514842.52,15.5730701069,613514842.52,15.5730701069,,,,,,,,,,,596598336.87,14.2473636267,513081720.98,14.3232450689,,,,,,,,,,,,,,,,,,,3706935.89,32.2021369613,30975108.28,-3.2923057945,44453916.84,30.9067309759,,,-692512.74,-133.8253247428,,,,,5073167.62,98.1506820802,,,,,-4989592.0,,-58643.74,94.3778602753,,,,,,,,,,,,,,,,,0,,11868269.91,56.0796526422,6594975.65,42.8748315168,192879.83,,952778.28,3.6545513659,46085.14,-58.4472060666,,,0,,17510467.28,54.9501785023,3375871.91,-28.422816166,,,,,,,14134595.37,114.6711866206,,,,,,,13949733.5,109.1621648661,184861.87,317.3857319449,14744821.03,218.8054446992,,,,,0.03,200.0,0.03,200.0,-3484.49,98.6159924763,-3484.49,,,,,,,,,,,,,,,,,,,,,,-3484.49,,,,,,,,,,,,,,,,-3484.49,,,,,,,,,,14131110.88,123.1510357328,13946249.01,117.3135234802,184861.87,317.3857319449,,,,,,,,,,,
002043.SZ,002043,兔宝宝,10007291,通用,2014-03-31 00:00:00,一季报,2014一季报,058001001,2014-04-23 00:00:00,2015-04-24 00:00:00,CNY,219100994.05,9.5818504526,219100994.05,9.5818504526,,,,,,,,,,,216945532.96,8.2761793501,182796785.13,7.318563165,,,,,,,,,,,,,,,,,,,1207211.35,10.551428399,11742179.9,-2.5659552119,20571842.05,36.7033227338,,,71171.78,-95.6601104753,,,,,556342.75,177.8401201168,,,,,-4863968.0,,-166443.57,68.0863121344,,,,,,,,,,,,,,,,,0,,-2874950.48,-205.2326320941,2738852.3,25.6555418674,56461.54,,341884.85,32.9618365118,5774.3,1271.4373931218,,,0,,-477983.03,-148.7423124245,1102442.53,3.7363021422,,,,,,,-1580425.56,-1824.933391488,,,,,,,-1579670.93,-644.3429845004,-754.63,99.7973062573,2055540.43,357.8690191152,,,,,-0.003,-600.0,-0.003,-600.0,135079.8,1127.3642227561,135079.8,,,,,,,,,,,,,,,,,,,,,,135079.8,,,,,,,,,,,,,,,,135079.8,,,,,,,,,,-1445345.76,-1417.4064834554,-1444591.13,-621.4198089417,-754.63,99.7973062573,,,,,,,,,,,
002043.SZ,002043,兔宝宝,10007291,通用,2013-12-31 00:00:00,年报,2013年报,058001001,2014-04-23 00:00:00,2015-03-25 00:00:00,CNY,1242869225.93,10.9527527601,1242869225.93,10.9527527601,,,,,,,,,,,1217679074.99,11.993807525,1052279528.77,12.7300402776,,,,,,,,,,,,,,,,,,,7342215.64,-8.1579158516,72374343.62,0.5212651612,77822482.2,20.5473797713,,,3049003.22,7.7779305426,,,,,4811501.54,-25.3189049369,,,,,1733760.0,3673.2893652102,-1551207.85,25.6433225734,,,,,,,,,,,,,,,,,0,,25372703.09,-17.5422334242,10302722.69,-26.089846456,260970.21,,3269602.1,11.5839471388,1005607.64,118.5021409614,,,0,,32405823.68,-22.4367977573,8266261.52,3.8936029235,,,,,,,24139562.16,-28.6306409904,,,,,,,23171208.76,-29.0940806371,968353.4,-15.3994590949,17103912.57,-33.335335791,,,,,0.05,-28.5714285714,0.05,-28.5714285714,-470987.17,-1108.2000023087,-470987.17,,,,,,,,,,,,,,,,,,,,,,-470987.17,,,,,,,,,,,,,,,,-470987.17,,,,,,,,,,23668574.99,-29.9423854853,22700221.59,-30.4523790893,968353.4,-15.3994590949,,,,,,,,,,,标准无保留意见
002043.SZ,002043,兔宝宝,10007291,通用,2013-09-30 00:00:00,三季报,2013三季报,058001001,2013-10-26 00:00:00,2014-10-24 00:00:00,CNY,885136756.82,9.7946704299,885136756.82,9.7946704299,,,,,,,,,,,862768545.31,10.2260350326,743959206.24,12.1062674232,,,,,,,,,,,,,,,,,,,4889563.44,-12.7024415852,53113172.89,-4.0196530962,54683641.17,10.1091350398,,,2180991.81,-2.5914957697,,,,,3941969.76,-37.0923498139,,,,,245992.33,606.9916117065,-1564628.67,0.0,,,,,,,,,,,,,,,,,0,,21049575.17,-3.5962853348,6324963.4,-42.2612157934,,,2460108.51,20.7157666989,778589.79,101.888658682,,,0,,24914430.06,-18.9809618455,7560345.97,23.0615862206,,,,,,,17354084.09,-29.4772497288,,,,,,,17255570.03,-28.0189440456,98514.06,-84.495846432,14729374.56,-20.5660053411,,,,,0.04,-20.0,0.04,-20.0,-346085.41,-501.2859431875,,,,,,,,,,,,,,,,,,,,,,,,,,,,,,,,,,,,,,,,,,,,,,,,,17007998.68,-31.1250455388,16909484.62,-29.7154869058,98514.06,-84.495846432,,,,,,,,,,,
002043.SZ,002043,兔宝宝,10007291,通用,2013-06-30 00:00:00,中报,2013中报,058001001,2013-08-23 00:00:00,2014-08-22 00:00:00,CNY,530845846.66,7.5998964561,530845846.66,7.5998964561,,,,,,,,,,,522198778.1,8.9523880931,448799122.76,11.1463995384,,,,,,,,,,,,,,,,,,,2803990.9,-21.1156175039,32029621.36,2.1713885743,33958465.32,6.7226629959,,,2047320.3,-26.2065626409,,,,,2560257.46,-57.3476247647,,,,,,,-1043085.78,0.0,,,,,,,,,,,,,,,,,0,,7603982.78,-41.3690156884,4615911.41,66.5264084061,,,919186.15,-18.2509809541,110907.44,-51.2623158216,,,0,,11300708.04,-22.6863335294,4716407.84,48.6635284795,,,,,,,6584300.2,-42.4658656168,,,,,,,6669338.84,-41.9987607742,-85038.64,-56.1738986708,4625021.71,-56.5653850768,,,,,0.01,-50.0,0.01,-50.0,-251768.14,-589.2547384818,,,,,,,,,,,,,,,,,,,,,,,,,,,,,,,,,,,,,,,,,,,,,,,,,6332532.06,-44.9135358102,6417570.7,-44.4369728713,-85038.64,-56.1738986708,,,,,,,,,,,
002043.SZ,002043,兔宝宝,10007291,通用,2013-03-31 00:00:00,一季报,2013一季报,058001001,2013-04-20 00:00:00,2014-04-23 00:00:00,CNY,199942776.24,9.1541571303,199942776.24,9.1541571303,,,,,,,,,,,200363121.66,9.1218873939,170331003.08,10.0758192,,,,,,,,,,,,,,,,,,,1091990.73,-16.0668949759,12051413.78,9.1879758215,15048531.11,-0.6197679488,,,1639944.51,122.2970284564,,,,,200238.45,-69.4714561623,,,,,,,-521542.89,0,,,,,,,,,,,,,,,,,0.0,,-941888.31,6.6918957978,2179651.02,282.4904444556,,,257130.06,-3.3080390512,421.04,-99.7173062693,,,0.0,,980632.65,238.9966142142,1062735.52,5.0152166182,,,,,,,-82102.87,95.2196032548,,,,,,,290197.72,119.2796787042,-372300.59,-75.3729849627,-797125.78,37.5322203927,,,,,0.0006,120.0,0.0006,120.0,-13148.19,4.811482691,,,,,,,,,,,,,,,,,,,,,,,,,,,,,,,,,,,,,,,,,,,,,,,,,-95251.06,94.4983037347,277049.53,118.2387887365,-372300.59,-75.3729849627,,,,,,,,,,,
002043.SZ,002043,兔宝宝,10007291,通用,2012-12-31 00:00:00,年报,2012年报,058001001,2013-04-13 00:00:00,2014-04-23 00:00:00,CNY,1120178810.36,-4.1121513775,1120178810.36,-4.1121513775,,,,,,,,,,,1087273575.12,-5.5185418123,933450858.51,-5.3416539205,,,,,,,,,,,,,,,,,,,7994391.36,29.4473550709,71999037.72,-2.641953996,64557589.18,-2.0079036337,,,2828968.05,-80.3003481009,,,,,6442730.3,50.3904196485,,,,,-48520.0,98.5020553517,-2086171.55,0,,,,,,,,,,,,,,,,,0.0,,30770543.69,154.0380707209,13939522.78,-39.2600881746,,,2930172.47,-17.859345717,460227.82,-67.9027790008,,,0.0,,41779894.0,32.6563264568,7956468.24,150.5708738397,,,,,,,33823425.76,19.435106157,-86316.17,,,,,,32678807.31,32.3676074939,1144618.45,-68.481547783,25656639.5,36.8101487274,,,,,0.07,16.6666666667,0.07,16.6666666667,-38982.55,92.7302333045,,,,,,,,,,,,,,,,,,,,,,,,,,,,,,,,,,,,,,,,,,,,,,,,,33784443.21,21.5999423967,32639824.76,35.1450946104,1144618.45,-68.481547783,,,,,,,,,,,标准无保留意见
002043.SZ,002043,兔宝宝,10007291,通用,2012-09-30 00:00:00,三季报,2012三季报,058001001,2012-10-23 00:00:00,2013-10-26 00:00:00,CNY,806174610.62,-9.8000075269,806174610.62,-9.8000075269,,,,,,,,,,,782726644.44,-9.4121403754,663619638.17,-10.987473023,,,,,,,,,,,,,,,,,,,5601031.15,29.5436775902,55337550.45,13.1600430523,49663128.45,5.743299949,,,2239015.81,-82.492585283,,,,,6266280.41,13.1714102323,,,,,-48520.0,98.1471333457,-1564628.67,0,,,,,,,,,,,,,,,,,0.0,,21834817.51,-14.466348357,10954445.07,-36.1109091694,,,2037934.71,1.6383155091,385653.06,-44.6915836288,,,0.0,,30751327.87,-24.3857604856,6143546.66,28.9498065803,,,,,,,24607781.21,-31.4630609007,,,,,,,23972376.9,-27.725098208,635404.31,-76.7768196455,18542910.53,-30.403184532,,,,,0.05,-37.5,0.05,-37.5,86244.09,120.0564777956,,,,,,,,,,,,,,,,,,,,,,,,,,,,,,,,,,,,,,,,,,,,,,,,,24694025.3,-30.3891677652,24058620.99,-26.5123585482,635404.31,-76.7768196455,,,,,,,,,,,
002043.SZ,002043,兔宝宝,10007291,通用,2012-06-30 00:00:00,中报,2012中报,058001001,2012-08-25 00:00:00,2013-08-23 00:00:00,CNY,493351633.36,-16.5759580198,493351633.36,-16.5759580198,,,,,,,,,,,479290805.13,-16.0940539609,403790968.15,-18.1229494575,,,,,,,,,,,,,,,,,,,3554557.71,40.1194253813,31348914.61,-4.0094673115,31819357.17,8.6374479888,,,2774393.46,-65.8626233224,,,,,6002614.03,10.2479955881,,,,,-48520.0,98.0796517093,-1043085.78,0,,,,,,,,,,,,,,,,,0.0,,12969222.45,-21.7998249249,2771879.52,-77.7198548132,,,1124400.22,-32.4218783032,227559.93,-64.493934891,,,0.0,,14616701.75,-46.5799433612,3172538.61,15.5816887826,,,,,,,11444163.14,-53.5110973029,,,,,,,11498614.39,-47.85389773,-54451.25,-102.121851854,10648239.24,-37.9585257693,,,,,0.02,-66.6666666667,0.02,-66.6666666667,51459.52,124.109230356,,,,,,,,,,,,,,,,,,,,,,,,,,,,,,,,,,,,,,,,,,,,,,,,,11495622.66,-52.8936173583,11550073.91,-47.1085597813,-54451.25,-102.121851854,,,0.0,,,,0.0,,,,
002043.SZ,002043,兔宝宝,10007291,通用,2012-03-31 00:00:00,一季报,2012一季报,058001001,2012-04-21 00:00:00,2013-04-20 00:00:00,CNY,183174678.36,-23.0975376629,183174678.36,-23.0975376629,,,,,,,,,,,183614054.38,-21.1388849416,154739709.7,-24.5342788869,,,,,,,,,,,,,,,,,,,1301025.06,32.5351380964,11037308.54,-3.3726931976,15142378.72,27.1746794078,,,737726.69,-74.9699976553,,,,,655905.67,24.3423212522,,,,,-48520.0,97.6398539745,-521542.89,0,,,,,,,,,,,,,,,,,,,-1009438.91,-136.2926661389,569857.64,-91.8971076574,,,265927.03,-54.1482495222,148938.57,-65.0593402214,,,,,-705508.3,-107.6401816739,1011982.41,79.640123809,,,,,,,-1717490.71,-119.8076543305,,,,,,,-1505199.98,-120.479553236,-212290.73,-116.0695575017,-1276059.09,-124.9648942052,,,,,-0.003,-107.5,-0.003,-107.5,-13812.79,81.4464120498,,,,,,,,,,,,,,,,,,,,,,,,,,,,,,,,,,,,,,,,,,,,,,,,,-1731303.5,-120.1398773951,-1519012.77,-120.8789778395,-212290.73,-116.0695575017,,,0.0,,,,0.0,,,,
002043.SZ,002043,兔宝宝,10007291,通用,2011-12-31 00:00:00,年报,2011年报,058001001,2012-04-21 00:00:00,2013-04-13 00:00:00,CNY,1168217690.2,5.2470167032,1168217690.2,5.2470167032,,,,,,,,,,,1150779841.86,7.2944146293,986126313.39,4.5258040336,,,,,,,,,,,,,,,,,,,6175785.79,60.3662068056,73952837.67,43.7305764751,65880404.21,21.6879765,,,14360497.66,-4.5298447067,,,,,4284003.14,-7.4994262658,,,,,-3239105,-230.6915452695,-2086171.55,0.0,,,,,,,,,,,,,,,,,,,12112571.79,-67.9775427221,22949527.52,106.6684055027,,,3567262.15,49.5084216721,1433855.66,38.5412482051,,,,,31494837.16,-32.3328531117,3175336.43,-67.3825643751,,,,,,,28319500.73,-23.062971372,,,,,,,24687918.69,-28.4866982014,3631582.04,58.8243570173,18753462.18,-27.3822161314,,,,,0.06,-68.4210526316,0.06,-68.4210526316,-536228.35,-478.4093741806,,,,,,,,,,,,,,,,,,,,,,,,,,,,,,,,,,,,,,,,,,,,,,,,,27783272.38,-24.3291834739,24151690.34,-29.8516068016,3631582.04,58.8243570173,,,0,,,,0,,,,标准无保留意见
002043.SZ,002043,兔宝宝,10007291,通用,2011-09-30 00:00:00,三季报,2011三季报,058001001,2011-10-20 00:00:00,2012-10-23 00:00:00,CNY,893763500.99,14.6884256998,893763500.99,14.6884256998,,,,,,,,,,,864052476.44,15.0961679103,745535106.92,12.1351486936,,,,,,,,,,,,,,,,,,,4323662.3,195.486463517,48902023.15,37.3916078548,46965744.85,17.0375419981,,,12788957.4,57.6235414024,,,,,5536981.82,872.558517055,,,,,-2618645,-1720.6528540638,-1564628.67,-1.2783e-06,,,,,,,,,,,,,,,,,,,25527750.88,-4.9825536227,17146033.74,140.8979901274,,,2005085.09,-14.4587279555,697277.35,-30.7238677927,,,,,40668699.53,28.5359766565,4764293.04,-26.9391179328,,,,,,,35904406.49,42.9375591277,,,,,,,33168328.57,37.5679301702,2736077.92,171.3190906635,26643331.89,20.2453335209,,,,,0.08,-39.3939393939,0.08,-39.3939393939,-430006.16,,,,,,,,,,,,,,,,,,,,,,,,,,,,,,,,,,,,,,,,,,,,,,,,,,35474400.33,41.225679252,32738322.41,35.7844499666,2736077.92,171.3190906635,,,0,,,,0,,,,
002043.SZ,002043,兔宝宝,10007291,通用,2011-06-30 00:00:00,中报,2011中报,058001001,2011-08-23 00:00:00,2012-08-25 00:00:00,CNY,591378242.59,19.2183192226,591378242.59,19.2183192226,,,,,,,,,,,571223885.5,19.5542431391,493167457.15,16.3759534231,,,,,,,,,,,,,,,,,,,2536805.8,222.2952338287,32658340.08,57.6858068408,29289492.49,16.3743906049,,,8127143.12,21.2024061375,,,,,5444646.86,735.1660795966,,,,,-2526625,-328.6091631173,-1043085.78,-9.587e-07,,,,,,,,,,,,,,,,,,,16584646.31,-0.2075058435,12441029.88,487.7408494542,,,1663852.43,29.3025784949,640904.39,82.7091634988,,,,,27361823.76,56.8094015146,2744845.35,-31.3534747584,,,,,,,24616978.41,83.0180235783,,,,,,,22050764.85,66.2849621556,2566213.56,1252.4409501272,17163098.35,30.2790137457,,,,,0.06,-14.2857142857,0.06,-14.2857142857,-213443.23,,,,,,,,,,,,,,,,,,,,,,,,,,,,,,,,,,,,,,,,,,,,,,,,,,24403535.18,81.431153027,21837321.62,64.6753853603,2566213.56,1252.4409501272,,,0,,,,0,,,,
002043.SZ,002043,兔宝宝,10007291,通用,2011-03-31 00:00:00,一季报,2011一季报,058001001,2011-04-16 00:00:00,2012-04-21 00:00:00,CNY,238190914.56,28.7086251083,238190914.56,28.7086251083,,,,,,,,,,,232832181.29,28.3676974114,205046354.05,27.294625125,,,,,,,,,,,,,,,,,,,981645.38,152.4067994467,11422556.32,42.1902410426,11906755.96,29.6651953386,,,2947369.64,29.618576939,,,,,527499.94,25.537318227,,,,,-2055805,-2226.0975333786,-521542.89,,,,,,,,,,,,,,,,,,,,2781385.38,-22.6240450196,7032768.25,658.4866838923,,,579971.38,29.8355419635,426261.47,,,,,,9234182.25,126.5972777527,563338.74,-53.4249381598,,,,,,,8670843.51,202.5814723868,,,,,,,7349769.61,135.7746755965,1321073.9,624.9383420696,5111413.97,81.8681627081,,,,,0.04,100.0,0.04,100.0,-74448.08,,,,,,,,,,,,,,,,,,,,,,,,,,,,,,,,,,,,,,,,,,,,,,,,,,8596395.43,199.9835002706,7275321.53,133.3864412923,1321073.9,624.9383420696,,,0,,,,0,,,,
002043.SZ,002043,兔宝宝,10007291,通用,2010-12-31 00:00:00,年报,2010年报,058001001,2011-01-26 00:00:00,2012-04-21 00:00:00,CNY,1109977011.03,25.4419661592,1109977011.03,25.4419661592,,,,,,,,,,,1072544033.01,22.6776388578,943428584.46,23.0471625538,,,,,,,,,,,,,,,,,,,3851051.86,110.7943341698,51452404.55,32.303355787,54138795.06,16.2600769451,,,15041871.06,7.488419049,,,,,4631326.02,-26.2488498274,,,,,2478435,131.2285710287,-2086171.55,39.4308230844,,,,,,,,,,,,,,,,,,,37825241.47,361.1576225753,11104516.66,-40.7523710367,,,2385994.12,-3.1293621076,1034966.61,0.9329942356,,,,,46543764.01,90.1164375504,9735089.13,139.508151891,,,,,,,36808674.88,80.28358052,,,,,,,34522135.14,55.8705290201,2286539.74,232.1044423083,25824889.14,199.960880984,,,,,0.19,58.3333333333,0.19,58.3333333333,-92707.41,-107.7751565862,,,,,,,,,,,,,,,,,,,,,,,,,,,,,,,,,,,,,,,,,,,,,,,,,36715967.47,69.9069807648,34429427.73,47.510587261,2286539.74,232.1044423083,,,0,,,,0,,,,标准无保留意见
002043.SZ,002043,兔宝宝,10007291,通用,2010-09-30 00:00:00,三季报,2010三季报,058001001,2010-10-15 00:00:00,2011-10-20 00:00:00,CNY,779297035.02,24.2971595132,779297035.02,24.2971595132,,,,,,,,,,,750722193.56,21.1938329707,664854076.18,22.1149570646,,,,,,,,,,,,,,,,,,,1463235.32,37.1778954295,35593166.07,22.2567517572,40128786.07,15.537370781,,,8113608.72,-24.3245178617,,,,,569321.2,188.3933209432,,,,,-143830.0,70.933745592,-1564628.65,37.1164542194,,,,,,,,,,,,,,,,,,,26866382.81,491.6889794131,7117549.52,-59.1473341182,,,2343997.28,8.0524688462,1006518.88,-24.6900969575,,,,,31639935.05,59.8477313353,6520990.31,46.3625024897,,,,,,,25118944.74,63.7648003082,,,,,,,24110509.28,38.1086394647,1008435.46,147.5853775711,22157476.81,222.3785110127,,,,,0.132,38.9473684211,0.132,38.9473684211,,,,,,,,,,,,,,,,,,,,,,,,,,,,,,,,,,,,,,,,,,,,,,,,,,,25118944.74,63.7648003082,24110509.28,38.1086394647,1008435.46,147.5853775711,,,0,,,,0,,,,
002043.SZ,002043,兔宝宝,10007291,通用,2010-06-30 00:00:00,中报,2010中报,058001001,2010-08-17 00:00:00,2011-08-23 00:00:00,CNY,496046451.96,34.3034733943,496046451.96,34.3034733943,,,,,,,,,,,477794740.28,27.6927544209,423770927.45,31.2758985314,,,,,,,,,,,,,,,,,,,787106.21,12.2695997019,20711020.69,9.3343048266,25168331.57,1.7419527357,,,6705430.51,-3.3184398115,,,,,651923.85,1231.0185809031,,,,,-589493.93,-2950.5066118277,-1043085.77,58.1424267281,,,,,,,,,,,,,,,,,,,16619131.98,326.4446339276,2116754.33,-87.3726255618,,,1286789.83,-8.0639525004,350778.46,-68.8481386628,,,,,17449096.48,117.4504402979,3998520.45,43.1041899039,,,,,,,13450576.03,157.1679490226,,,,,,,13260829.22,56.6573910065,189746.81,105.8661761894,13174108.29,587.038781965,,,,,0.07,40.0,0.07,40.0,,,,,,,,,,,,,,,,,,,,,,,,,,,,,,,,,,,,,,,,,,,,,,,,,,,13450576.03,109.4249512635,13260829.22,37.315260213,189746.81,105.8661761894,,,0,,,,0,,,,
002043.SZ,002043,兔宝宝,10007291,通用,2010-03-31 00:00:00,一季报,2010一季报,058001001,2010-04-22 00:00:00,2011-04-16 00:00:00,CNY,185062123.35,37.9676584108,185062123.35,37.9676584108,,,,,,,,,,,181379105.48,28.0905263312,161080135.04,34.3134910214,,,,,,,,,,,,,,,,,,,388914.0,42.7621323438,8033291.34,23.3538806656,9182692.34,-11.6527275727,,,2273879.03,-45.1797273982,,,,,420193.73,21.0100167378,,,,,-88380.0,-119.4905722792,,,,,,,,,,,,,,,,,,,,,3594637.87,151.2465028045,927210.51,51.9199178108,,,446696.93,-33.5365731543,,,,,,,4075151.45,157.5897732515,1209528.7,134.0914989023,,,,,,,2865622.75,137.741006072,,,,,,,3117285.43,162.5791168157,-251662.68,90.3633332003,2810505.09,150.6031467351,,,,,0.02,166.6666666667,0.02,166.6666666667,,,,,,,,,,,,,,,,,,,,,,,,,,,,,,,,,,,,,,,,,,,,,,,,,,,2865622.75,137.741006072,3117285.43,162.5791168157,-251662.68,90.3633332003,,,0,,,,0,,,,
002043.SZ,002043,兔宝宝,10007291,通用,2009-12-31 00:00:00,年报,2009年报,058001001,2011-01-26 00:00:00,2011-01-26 00:00:00,CNY,884853008.14,-6.6216169054,884853008.14,-6.6216169054,,,,,,,,,,,874278346.89,-4.6512077758,766721121.3,-4.733407389,,,,,,,,,,,,,,,,,,,1826923.8,1.5447501617,38889719.95,-4.2818433626,46566969.92,9.0414850395,,,13993945.76,-34.2269692192,,,,,6279666.16,10.1743370334,,,,,1071855.0,508.0692136371,-3444279.18,-64.9943435815,,,,,,,,,,,,,,,,,,,8202237.07,-71.0400888488,18742550.3,85.5380358788,,,2463072.58,1.9551520243,1025399.69,323.7012142758,,,,,24481714.79,-32.0115139879,4064617.03,-40.5587464948,,,,,,,20417097.76,-30.007908777,,,,,,,22147955.33,-16.5433144749,-1730857.57,-165.7542082015,8609419.02,-66.4826227475,,,,,0.12,-20.0,0.12,-20.0,1192354.25,,,,,,,,,,,,,,,,,,,,,,,,,,,,,,,,,,,,,,,,,,,,,,,,,,21609452.01,-25.9203852506,23340309.58,-12.050351933,-1730857.57,-165.7542082015,,,0,,,,0,,,,标准无保留意见
002043.SZ,002043,兔宝宝,10007291,通用,2009-09-30 00:00:00,三季报,2009三季报,058001001,2010-10-15 00:00:00,2010-10-15 00:00:00,CNY,626962867.11,-15.1757848446,626962867.11,-15.1757848446,,,,,,,,,,,619439269.44,-11.8216241167,544449338.69,-13.1374489942,,,,,,,,,,,,,,,,,,,1066669.9,-16.5195687229,29113456.36,13.6033240505,34732299.86,7.8741865888,,,10721581.8,-34.3680754494,,,,,-644077.17,-355.3605897837,,,,,-494835.0,,-2488136.81,,,,,,,,,,,,,,,,,,,,4540625.86,-87.6100369177,17422484.84,313.4283328913,,,2169313.95,21.084655335,1336502.69,1305.7240568704,,,,,19793796.75,-49.3378601487,4455369.51,-44.2601061136,,,,,,,15338427.24,-50.643878985,,,,,,,17457640.14,-38.1065090111,-2119212.9,-173.8115470253,6873124.62,-76.0825410263,,,,,0.095,-38.3116883117,0.095,-38.3116883117,,,,,,,,,,,,,,,,,,,,,,,,,,,,,,,,,,,,,,,,,,,,,,,,,,,15338427.24,-50.643878985,17457640.14,-38.1065090111,-2119212.9,-173.8115470253,,,0,,,,0,,,,
002043.SZ,002043,兔宝宝,10007291,通用,2009-06-30 00:00:00,中报,2009中报,058001001,2010-08-17 00:00:00,2010-08-17 00:00:00,CNY,369347448.3,-17.884811649,369347448.3,-17.884811649,,,,,,,,,,,374175294.79,-11.443167866,322809390.14,-14.4830164183,,,,,,,,,,,,,,,,,,,701085.79,4.6964187335,18942838.41,33.9258527879,24737417.45,25.0757274435,,,6935583.68,-34.1603773633,,,,,48979.32,161.0941492871,,,,,-19324.46,,-2491988.16,,,,,,,,,,,,,,,,,,,,-7339159.11,-126.9166239867,16763218.2,3411.9264311375,,,1399657.55,22.5680135841,1126027.29,1206.9381062578,,,,,8024401.54,-69.8349458465,2794132.34,-53.4471179609,,,,,,,5230269.2,-74.6098348137,,,,,,,8464860.25,-56.3227747726,-3234591.05,-365.3267622629,-2704940.3,-113.6958741651,,,,,0.05,-54.5454545455,0.05,-54.5454545455,1192354.25,,,,,,,,,,,,,,,,,,,,,,,,,,,,,,,,,,,,,,,,,,,,,,,,,,6422623.45,,9657214.5,,-3234591.05,,,,0,,,,0,,,,
002043.SZ,002043,兔宝宝,10007291,通用,2009-03-31 00:00:00,一季报,2009一季报,058001001,2010-04-22 00:00:00,2010-04-22 00:00:00,CNY,134134423.59,-18.1194551301,134134423.59,-18.1194551301,,,,,,,,,,,141602279.79,-10.294245704,119928485.08,-13.7268741934,,,,,,,,,,,,,,,,,,,272420.98,72.5417746632,6512394.5,4.3747887258,10393860.6,15.8681585984,,,4147879.83,5.1598390424,,,,,347238.8,173.8183009517,,,,,453450.0,,,,,,,,,,,,,,,,,,,,,,-7014406.2,-217.5875576676,610328.47,402.3063369371,,,672094.34,125.6294976678,536663.52,526.375090076,,,,,-7076172.07,-222.2370658796,516690.57,-64.302917526,,,,,,,-7592862.64,-274.8918582479,,,,,,,-4981350.95,-221.6575267336,-2611511.69,-1157.7511691105,-5554012.49,-231.7399207529,,,,,-0.03,-250.0,-0.03,-250.0,,,,,,,,,,,,,,,,,,,,,,,,,,,,,,,,,,,,,,,,,,,,,,,,,,,-7592862.64,,-4981350.95,,-2611511.69,,,,0,,,,0,,,,
002043.SZ,002043,兔宝宝,10007291,通用,2008-12-31 00:00:00,年报,2008年报,058001001,2010-04-16 00:00:00,2010-04-16 00:00:00,CNY,947599410.93,-7.6022654346,947599410.93,-7.6022654346,,,,,,,,,,,916926503.73,-5.8343453805,804816358.27,-8.5385017466,,,,,,,,,,,,,,,,,,,1799131.71,32.6111405281,40629407.54,1.0691232582,42705737.09,39.5638048096,,,21276115.14,19.3312798092,,,,,5699753.98,49.9333113879,,,,,-262665.0,,-2087513.49,1.8441052968,,,,,,,,,,,,,,,,,,,28322728.71,-43.0139645017,10101729.39,133.4471326538,,,2415839.25,42.1457327006,242010.09,-69.3196895652,,,,,36008618.85,-31.1877943278,6838040.57,-51.6691028944,,,,,,,29170578.28,-23.5981125672,,,,,,,26538263.76,-27.9253545944,2632314.52,93.5645420834,25686434.1,-28.2777831078,,,,,0.15,-25.0,0.15,-25.0,,,,,,,,,,,,,,,,,,,,,,,,,,,,,,,,,,,,,,,,,,,,,,,,,,,29170578.28,,26538263.76,,2632314.52,,,,0,,,,0,,,,标准无保留意见
002043.SZ,002043,兔宝宝,10007291,通用,2008-09-30 00:00:00,三季报,2008三季报,058001001,2009-10-24 00:00:00,2009-10-24 00:00:00,CNY,739131940.05,-3.110083274,739131940.05,-3.110083274,,,,,,,,,,,702484325.93,-3.1101801378,626794092.95,-4.8720608059,,,,,,,,,,,,,,,,,,,1277748.43,33.9906505189,25627292.69,-9.9024963872,32197044.5,52.9902249042,,,16335924.74,9.618166127,,,,,252222.62,-68.1936253913,,,,,,,,,,,,,,,,,,,,,,,,,,,36647614.12,-3.1082264893,4214148.73,103.2247519398,,,1791568.01,30.284672584,95075.75,-75.196901655,,,,,39070194.84,1.423680978,7993143.15,-21.0598190887,,,,,,,31077051.69,9.4408898598,,,,,,,28205938.72,2.8997781571,2871112.97,191.4481444823,28736851.3,6.6008538022,,,,,0.154,2.6666666667,0.154,2.6666666667,,,,,,,,,,,,,,,,,,,,,,,,,,,,,,,,,,,,,,,,,,,,,,,,,,,31077051.69,,28205938.72,,2871112.97,,,,0,,,,0,,,,
002043.SZ,002043,兔宝宝,10007291,通用,2008-06-30 00:00:00,中报,2008中报,058001001,2009-08-18 00:00:00,2009-08-18 00:00:00,CNY,449791878.6,-1.7959527846,449791878.6,-1.7959527846,,,,,,,,,,,422525609.57,-2.2320351257,377479860.28,-3.7286431478,,,,,,,,,,,,,,,,,,,669636.84,47.2197477479,14144273.13,-12.4542048133,19777952.09,49.8562256809,,,10534057.46,10.008221686,,,,,-80170.23,-111.6689834027,,,,,,,,,,,,,,,,,,,,,,,,,,,27266269.03,5.4958447417,477322.59,-65.8343700879,,,1141943.57,-13.8735742327,86157.66,-77.5234282753,,,,,26601648.05,2.6416368137,6002060.92,-6.9713720199,,,,,,,20599587.13,5.8279237604,,,,,,,19380489.96,3.9785180877,1219097.17,47.5484319079,19750037.62,6.1891834769,,,,,0.11,10.0,0.11,10.0,,,,,,,,,,,,,,,,,,,,,,,,,,,,,,,,,,,,,,,,,,,,,,,,,,,,,,,,,,,0,,,,0,,,,
002043.SZ,002043,兔宝宝,10007291,通用,2008-03-31 00:00:00,一季报,2008一季报,058001001,2009-04-25 00:00:00,2009-04-25 00:00:00,CNY,163817209.33,-3.9148063306,163817209.33,-3.9148063306,,,,,,,,,,,157851947.07,-4.2955746129,139010246.77,-6.7221747617,,,,,,,,,,,,,,,,,,,157886.97,48.7173272905,6239432.51,31.4353085161,8970420.11,47.3104389376,,,3944357.34,-14.5721292733,,,,,-470396.63,-234.8642765109,,,,,,,,,,,,,,,,,,,,,,,,,,,5965262.26,7.3914507216,121505.23,-76.8464481951,,,297875.21,-5.8954593197,85677.66,663.8987360733,,,,,5788892.28,0.4504407207,1447430.81,-21.5493317291,,,,,,,4341461.47,10.8105546623,,,,,,,4094568.65,5.9880576383,246892.82,351.5441374826,4215891.78,13.7430761239,,,,,0.02,-37.5,0.02,-37.5,,,,,,,,,,,,,,,,,,,,,,,,,,,,,,,,,,,,,,,,,,,,,,,,,,,,,,,,,,,0.0,,,,0.0,,,,
002043.SZ,002043,兔宝宝,10007291,通用,2007-12-31 00:00:00,年报,2007年报,058001001,2009-04-10 00:00:00,2009-04-10 00:00:00,CNY,1025565632.52,22.0118055351,1025565632.52,22.0118055351,,,,,,,,,,,973737725.75,23.0820346969,879950988.82,21.2123345087,,,,,,,,,,,,,,,,,,,1356697.26,86.0617076607,40199624.01,66.532327234,30599435.97,32.3097349795,,,17829453.58,32.1989653595,,,,,3801526.11,3.0669806139,,,,,,,-2126732.68,-46.1909186252,,,,,,,,,,,,,,,,,,,49701174.09,3.6252386848,4327202.17,365.4713289619,,,1699551.02,1.2050362187,788812.39,69.4777458138,,,,,52328825.24,10.8362247628,14148383.29,15.8420234283,,,,,,,38180441.95,9.0893749715,,,,,,,36820526.29,14.5864906551,1359915.66,-52.5473741093,35813776.0,10.5269720366,,,,,0.2,-23.0769230769,0.2,-23.0769230769,,,,,,,,,,,,,,,,,,,,,,,,,,,,,,,,,,,,,,,,,,,,,,,,,,,,,,,,,,,,,,,,,,,标准无保留意见
002043.SZ,002043,兔宝宝,10007291,通用,2007-09-30 00:00:00,三季报,2007三季报,058001001,2008-10-23 00:00:00,2008-10-23 00:00:00,CNY,762857441.75,24.7893648108,762857441.75,24.7893648108,,,,,,,,,,,725034195.47,25.8178572428,658895901.94,23.9043456727,,,,,,,,,,,,,,,,,,,953610.14,85.2653304119,28443954.23,138.2553980739,21045164.5,31.4645403633,,,14902570.73,36.6905645798,,,,,792993.93,-84.4975908026,,,,,,,,,,,,,,,,,,,,,,,,,,,37823246.28,7.8843029206,2073639.5,238.0659931832,,,1375118.02,59.4832698432,383322.07,1151.6369279878,,,,,38521767.76,10.6621986661,10125569.84,27.3883193848,,,,,,,28396197.92,5.7127995975,,,,,,,27411078.26,12.4159297669,985119.66,-60.2457155575,26957430.71,9.7958660481,,,,,0.15,-25.0,0.15,-25.0,,,,,,,,,,,,,,,,,,,,,,,,,,,,,,,,,,,,,,,,,,,,,,,,,,,,,,,,,,,,,,,,,,,
002043.SZ,002043,兔宝宝,10007291,通用,2007-06-30 00:00:00,中报,2007中报,058001001,2008-08-22 00:00:00,2008-08-22 00:00:00,CNY,458017659.51,16.5413705369,458017659.51,16.5413705369,,,,,,,,,,,432171836.77,16.9523027146,392099865.03,13.7955565791,,,,,,,,,,,,,,,,,,,454855.31,116.3316992796,16156427.73,152.5706698834,13197951.57,31.2242015311,,,9575700.16,47.0561908673,,,,,687036.97,-61.5514169074,,,,,,,,,,,,,,,,,,,,,,,,,,,25845822.74,10.0742183212,1397084.12,171.1094292256,,,1325892.21,155.018911882,383322.07,2773.0265100696,,,,,25917014.65,10.3990349928,6451842.89,15.4803009972,,,,,,,19465171.76,8.8120725491,,,,,,,18638936.5,16.2693430133,826235.26,-55.5302520942,18598916.55,20.9273133028,,,,,0.1,-23.6641221374,0.1,-23.6641221374,,,,,,,,,,,,,,,,,,,,,,,,,,,,,,,,,,,,,,,,,,,,,,,,,,,,,,,,,,,,,,,,,,,
002043.SZ,002043,兔宝宝,10007291,通用,2007-03-31 00:00:00,一季报,2007一季报,058001001,2008-04-22 00:00:00,2008-04-22 00:00:00,CNY,170491626.31,9.5811156341,170491626.31,9.5811156341,,,,,,,,,,,164936936.23,10.2098492755,149028181.58,7.8053430474,,,,,,,,,,,,,,,,,,,106165.82,38.8864003969,4747150.96,146.3415005874,6089466.69,-9.3083170143,,,4617178.57,70.9447032304,,,,,348792.61,,,,,,,,,,,,,,,,,,,,,,,,,,,,5554690.08,-6.2925897688,524780.09,1089.1965956143,,,316536.49,70.5425321219,11215.84,,,,,,5762933.68,-0.4024273876,1845020.37,0.2372488979,,,,,,,3917913.31,-0.7008440111,,,,,,,3863235.86,2.9311304329,54677.45,-71.5727382948,3706504.1,-3.7616762968,,,,,0.032,6.6666666667,0.032,6.6666666667,,,,,,,,,,,,,,,,,,,,,,,,,,,,,,,,,,,,,,,,,,,,,,,,,,,,,,,,,,,,,,,,,,,
002043.SZ,002043,兔宝宝,10007291,通用,2006-12-31 00:00:00,年报,2006年报,058001001,2008-04-17 00:00:00,2008-04-17 00:00:00,CNY,840546230.77,27.2314933349,840546230.77,27.2314933349,,,,,,,,,,,791129045.07,26.7913690256,725958288.31,23.9780469617,,,,,,,,,,,,,,,,,,,729165.22,4809.2778466013,24139231.51,83.8761558443,23127123.62,43.7172360034,,,13486832.92,47.0364876856,,,,,3688403.49,,,,,,,,-1454763.88,-1488.3995909016,,,,,,,,,,,,,,,,,,,47962421.82,19.5156095728,929638.82,-40.6867603186,,,1679314.67,91.0430988351,465437.15,,,,,,47212745.97,14.7018856334,12213515.33,70.2879718172,,,,,,,34999230.64,2.9722502771,,,,,,,32133392.06,6.4448606326,2865838.58,-24.6062921256,32402747.8,10.3387823932,,,,,0.26,-7.1428571429,0.26,,,,,,,,,,,,,,,,,,,,,,,,,,,,,,,,,,,,,,,,,,,,,,,,,,,,,,,,,,,,,,,,,,,,标准无保留意见
002043.SZ,002043,兔宝宝,10007291,通用,2006-09-30 00:00:00,三季报,2006三季报,058001001,2007-10-17 00:00:00,2007-10-17 00:00:00,CNY,611316070.81,29.6385658953,611316070.81,29.6385658953,,,,,,,,,,,576256988.76,29.0330634909,531777879.43,26.8708450972,,,,,,,,,,,,,,,,,,,514726.71,,11938430.13,39.4809499154,16008244.08,37.9469159769,,,10902413.62,49.6853579237,,,,,5115294.79,,,,,,,,,,,,,,,,,,,,,,,,,,,,35059082.05,26.7218097192,613383.05,-43.5749258255,,,862233.4,22.1297573449,30625.66,,,,,,34810231.7,23.313156371,7948585.78,56.6621615949,,,,,,,26861645.92,16.0058723359,,,,,,,24383624.56,18.6419184657,2478021.36,-4.806255028,24552318.48,21.9196207417,,,,,0.2,,0.2,,,,,,,,,,,,,,,,,,,,,,,,,,,,,,,,,,,,,,,,,,,,,,,,,,,,,,,,,,,,,,,,,,,,
002043.SZ,002043,兔宝宝,10007291,通用,2006-06-30 00:00:00,中报,2006中报,058001001,2007-08-17 00:00:00,2007-08-17 00:00:00,CNY,393008643.54,23.7521587565,393008643.54,23.7521587565,,,,,,,,,,,369528283.53,23.6775236375,344565180.59,22.7759860581,,,,,,,,,,,,,,,,,,,210258.28,,6396794.9,-2.3316355716,10057559.06,50.9770912768,,,6511592.68,32.1578824021,,,,,1786898.02,,,,,,,,,,,,,,,,,,,,,,,,,,,,23480360.01,16.6894423936,515321.11,-10.8067145929,,,519919.17,-6.594801631,13342.1,,,,,,23475761.95,15.5013406552,5586964.04,54.3019710611,,,,,,,17888797.91,7.0909746257,,,,,,,16030826.37,7.4991801045,1857971.54,3.6936072403,15380244.58,4.1572283919,,,,,0.131,-18.125,0.131,,,,,,,,,,,,,,,,,,,,,,,,,,,,,,,,,,,,,,,,,,,,,,,,,,,,,,,,,,,,,,,,,,,,
002043.SZ,002043,兔宝宝,10007291,通用,2006-03-31 00:00:00,一季报,2006一季报,058001001,2007-04-20 00:00:00,2007-04-20 00:00:00,CNY,155584860.88,23.3658298289,155584860.88,23.3658298289,,,,,,,,,,,149657165.23,22.637983612,138238214.7,23.123504389,,,,,,,,,,,,,,,,,,,76440.76,,1927060.99,-29.910156612,6714470.93,28.4066598329,,,2700977.85,51.9862851538,,,,,,,,,,,,,,,,,,,,,,,,,,,,,,,,,5927695.65,37.011154471,44128.96,-90.0108194904,,,185605.6,-16.4159558747,,,,,,,5786219.01,27.2775740799,1840653.44,28.5191635808,,,,,,,3945565.57,26.706527033,,,,,,,3753223.97,27.6145144841,192341.6,11.2593991834,3851380.57,,,,,,0.03,,0.03,,,,,,,,,,,,,,,,,,,,,,,,,,,,,,,,,,,,,,,,,,,,,,,,,,,,,,,,,,,,,,,,,,,,
002043.SZ,002043,兔宝宝,10007291,通用,2005-12-31 00:00:00,年报,2005年报,058001001,2007-04-20 00:00:00,2007-04-20 00:00:00,CNY,660643217.13,16.0090442152,660643217.13,16.0090442152,,,,,,,,,,,623961276.82,16.1971791679,585553899.34,15.3647735626,,,,,,,,,,,,,,,,,,,14852.8,,13127983.56,43.349365974,16092101.59,77.9831929736,,,9172439.53,-18.2357337554,,,,,,,,,,,,,-91586.77,,,,,,,,,,,,,,,,,,3540322.27,-2.218719608,40130675.81,11.1302313274,1567337.79,79.8111852549,,,879023.99,604.6671480872,,,,,342274.4,52.6096281005,41161264.01,10.1112882149,7172271.3,3.0063159082,,,0.0,,,,33988992.71,11.7376474233,,,,,,,30187828.58,10.1505832301,3801164.13,26.1753264397,29366599.03,11.8680771378,,,,,0.28,-17.6470588235,,,,,,,,,,,,,,,,,,,,,,,,,,,,,,,,,,,,,,,,,,,,,,,,,,,,,,,,,,,,,,,,,,,,,标准无保留意见
002043.SZ,002043,兔宝宝,10007291,通用,2005-09-30 00:00:00,三季报,2005三季报,058001001,2006-10-20 00:00:00,2006-10-20 00:00:00,CNY,471554175.71,22.2113841112,471554175.71,22.2113841112,,,,,,,,,,,446596378.61,20.8164243811,419149000.72,20.9047268425,,,,,,,,,,,,,,,,,,,,,8559183.27,46.3172373248,11604640.79,25.3576632352,,,7283553.83,-7.3888482235,,,,,,,,,,,,,,,,,,,,,,,,,,,,,,,2708381.38,-44.3503856623,27666178.48,31.3098542245,1087075.31,47.9350836148,,,705997.8,502.9378484125,,,,,181874.4,-27.1864553349,28229130.39,26.9911483881,5073711.29,3.7103041707,,,0,,,,23155419.1,33.5605867162,,,,,,,20552284.45,28.5747707507,2603134.65,92.4939132402,20138119.14,,,,,,,,,,,,,,,,,,,,,,,,,,,,,,,,,,,,,,,,,,,,,,,,,,,,,,,,,,,,,,,,,,,,,,,,,,,,
002043.SZ,002043,兔宝宝,10007291,通用,2005-06-30 00:00:00,中报,2005中报,058001001,2006-08-08 00:00:00,2006-08-08 00:00:00,CNY,317577202.28,27.5816432672,317577202.28,27.5816432672,,,,,,,,,,,298783701.89,26.8511276006,280645419.07,26.5693402259,,,,,,,,,,,,,,,,,,,,,6549505.5,71.8998254064,6661645.8,39.7799174288,,,4927131.52,-5.7988255333,,,,,,,,,,,,,,,,,,,,,,,,,,,,,,,1328594.23,-45.3206640084,20122094.62,27.260828359,577757.74,1.4098100438,,,556627.66,417.6764339231,,,,,181874.4,-18.907798699,20325099.1,21.1202865963,3620798.88,2.639392874,,,0,,,,16704300.22,26.0394530744,,,,,,,14912510.36,21.344481897,1791789.86,85.9031088845,14766372.74,,,,,,0.16,,,,,,,,,,,,,,,,,,,,,,,,,,,,,,,,,,,,,,,,,,,,,,,,,,,,,,,,,,,,,,,,,,,,,,
002043.SZ,002043,兔宝宝,10007291,通用,2005-03-31 00:00:00,一季报,2005一季报,058001001,2006-04-21 00:00:00,2006-04-21 00:00:00,CNY,126116657.34,,126116657.34,,,,,,,,,,,,122031658.4,,112276055.97,,,,,,,,,,,,,,,,,,,,,,2749415.46,,5229067.51,,,,1777119.46,,,,,,,,,,,,,,,,,,,,,,,,,,,,,,,,241433.95,,4326432.89,,441767.57,,,,222058.65,,,,,,0.0,,4546141.81,,1432201.54,,,,0,,,,3113940.27,,,,,,,,2941063.55,,172876.72,,,,,,,,,,,,,,,,,,,,,,,,,,,,,,,,,,,,,,,,,,,,,,,,,,,,,,,,,,,,,,,,,,,,,,,,,,,,,,
002043.SZ,002043,兔宝宝,10007291,通用,2004-12-31 00:00:00,年报,2004年报,058001001,2006-03-25 00:00:00,2006-03-25 00:00:00,CNY,569475614.25,19.00248,569475614.25,19.00248,,,,,,,,,,,536984874.58,20.2379302705,507567328.62,19.2871508854,,,,,,,,,,,,,,,,,,,,,9158033.92,32.3431564294,9041360.21,10.0653493336,,,11218151.83,53.0050182594,,,,,,,,,,,,,,,,,,,,,,,,,,,,,,,3620654.44,62.8373864268,36111394.11,5.7046293007,871657.56,-50.1577201565,,,-174178.96,-127.5746079817,,,,,224281.0,-55.6493968756,37381511.63,4.4601883242,6962943.23,-6.387483346,,,0,,,,30418568.4,7.306501817,,,,,,,27405963.45,7.2643759273,3012604.95,7.6912502719,26251098.42,9.5605153476,,,,,0.34,6.25,,,,,,,,,,,,,,,,,,,,,,,,,,,,,,,,,,,,,,,,,,,,,,,,,,,,,,,,,,,,,,,,,,,,,标准无保留意见
002043.SZ,002043,兔宝宝,10007291,通用,2004-09-30 00:00:00,三季报,2004三季报,058001001,2005-10-31 00:00:00,2005-10-31 00:00:00,CNY,385851268.39,,385851268.39,,,,,,,,,,,,369648730.21,,346677099.95,,,,,,,,,,,,,,,,,,,,,,5849743.63,,9257224.88,,,,7864661.75,,,,,,,,,,,,,,,,,,,,,,,,,,,,,,,,4866846.63,,21069384.81,,734832.66,,,,-175212.58,,,,,,249781.0,,22229211.05,,4892195.94,,,,0,,,,17337015.11,,,,,,,,15984694.61,,1352320.5,,,,,,,,,,,,,,,,,,,,,,,,,,,,,,,,,,,,,,,,,,,,,,,,,,,,,,,,,,,,,,,,,,,,,,,,,,,,,,
002043.SZ,002043,兔宝宝,10007291,通用,2004-06-30 00:00:00,中报,2004中报,058001001,2005-08-12 00:00:00,2005-08-12 00:00:00,CNY,248920764.89,,248920764.89,,,,,,,,,,,,235538861.61,,221732544.84,,,,,,,,,,,,,,,,,,,,,,3810071.06,,4765810.37,,,,5230435.34,,,,,,,,,,,,,,,,,,,,,,,,,,,,,,,,2429792.18,,15811695.46,,569725.69,,,,-175218.43,,,,,,224281,,16780920.58,,3527689.3,,,,0,,,,13253231.28,,,,,,,,12289401.32,,963829.96,,,,,,,,,,,,,,,,,,,,,,,,,,,,,,,,,,,,,,,,,,,,,,,,,,,,,,,,,,,,,,,,,,,,,,,,,,,,,,
002043.SZ,002043,兔宝宝,10007291,通用,2003-12-31 00:00:00,年报,2003年报,058001001,2005-04-01 00:00:00,2005-04-01 00:00:00,CNY,478540963.39,7.2395150154,478540963.39,7.2395150154,,,,,,,,,,,446601894.57,6.3550823635,425500420.5,6.3161745851,,,,,,,,,,,,,,,,,,,-1364864.06,-198.9535723119,6919914.99,57.3421005217,8214538.24,10.2797179768,,,7331884.9,13.3553845485,,,,,,,,,,,,,,,,,,,,,,,,,,,,,,,2223478.6,-59.9558810596,34162547.42,7.185551049,1748831.64,85.3093087326,,,631664.32,-30.6617122282,,,,,505700,2208.3945770758,35785414.74,12.0851215508,7438047.26,0.0382769731,,,0,,,,28347367.48,15.7422935694,,,,,,,25549921.13,18.2619497851,2797446.35,-3.1114104761,23960364.13,14.2241046728,,,,,0.32,18.5185185185,,,,,,,,,,,,,,,,,,,,,,,,,,,,,,,,,,,,,,,,,,,,,,,,,,,,,,,,,,,,,,,,,,,,,标准无保留意见
002043.SZ,002043,兔宝宝,10007291,通用,2002-12-31 00:00:00,年报,2002年报,058001001,2005-04-01 00:00:00,2005-04-01 00:00:00,CNY,446235665.39,,446235665.39,,,,,,,,,,,,419915893.67,,400221718.06,,,,,,,,,,,,,,,,,,,,1379297.41,,4398005.98,,7448820.5,,,,6468051.72,,,,,,,,,,,,,,,,,,,,,,,,,,,,,,,,5552572.16,,31872343.88,,943736.53,,,,910989.21,,,,,,21907,,31926998.2,,7435201.29,,,,0,,,,24491796.91,,,,,,,,21604515.38,,2887281.53,,20976626.78,,,,,,0.27,,,,,,,,,,,,,,,,,,,,,,,,,,,,,,,,,,,,,,,,,,,,,,,,,,,,,,,,,,,,,,,,,,,,,,标准无保留意见
